#   95.238  -4.154  16.357 ;Mean Elev.(m), Avg Gradient(m/km), RMS Gradient(m/km) - SRTM1     
#  103.268  -3.926  16.456 ;Mean Elev.(m), Avg Gradient(m/km), RMS Gradient(m/km) - ASTER GDEM
#   95.309  -4.138  16.742 ;Mean Elev.(m), Avg Gradient(m/km), RMS Gradient(m/km) - GMTED2010 
   1    92.333 54666.17609029 44.93  34.204156 -16.717397 29.181 -100.00 -100.00 -100.00
   1    92.433 54666.17609088 45.57  34.205147 -16.714921 30.936 -100.00 -100.00 -100.00
   2    92.464 54676.09173486 45.57  34.204028 -16.715595   -100 -100.00 -100.00 -100.00
   2    92.555 54676.09173545 47.46  34.205019 -16.713118   -100 -100.00 -100.00 -100.00
   3    -9.303 54686.00737731  0.96  34.204202 -16.716736  2.926 -100.00 -100.00 -100.00
   3    -8.190 54686.00737790  1.24  34.205192 -16.714260  3.784 -100.00 -100.00 -100.00
  11    91.941 54765.33254879 28.11  34.197401 -16.714438 15.489 -100.00 -100.00 -100.00
  11    91.796 54765.33254938 28.78  34.198391 -16.711961 17.389 -100.00 -100.00 -100.00
  11    91.840 54765.33254997 30.99  34.199382 -16.709485 23.885 -100.00 -100.00 -100.00
  11    92.143 54765.33255056 33.56  34.200372 -16.707008 29.767 -100.00 -100.00 -100.00
  17    93.306 54824.82639135 45.09  34.205092 -16.717671 25.284 -100.00 -100.00 -100.00
  17    93.384 54824.82639194 46.04  34.206082 -16.715194 32.639 -100.00 -100.00 -100.00
  19    93.489 54844.65768105 45.91  34.198594 -16.715526 26.420 -100.00 -100.00 -100.00
  19    93.149 54844.65768164 47.65  34.199585 -16.713048   -100 -100.00 -100.00 -100.00
  20    93.665 54854.57333083 47.07  34.197133 -16.713322 25.782 -100.00 -100.00 -100.00
  20    93.478 54854.57333142 48.84  34.198124 -16.710844   -100 -100.00 -100.00 -100.00
  20    93.639 54854.57333201 43.93  34.199114 -16.708367 25.384 -100.00 -100.00 -100.00
  21    93.150 54864.48898124 45.34  34.198184 -16.708817   -100 -100.00 -100.00 -100.00
  21    93.098 54864.48898183 43.81  34.199175 -16.706340 30.999 -100.00 -100.00 -100.00
  22    92.915 54874.40463032 34.76  34.197963 -16.708770 29.450 -100.00 -100.00 -100.00
  22    92.741 54874.40463091 35.43  34.198953 -16.706293 28.936 -100.00 -100.00 -100.00
  23    93.123 54884.32027655 45.21  34.197844 -16.709413 29.048 -100.00 -100.00 -100.00
  23    92.887 54884.32027714 45.20  34.198834 -16.706936 32.648 -100.00 -100.00 -100.00
  24    93.030 54894.23591918 47.33  34.196969 -16.709609   -100 -100.00 -100.00 -100.00
  24    93.194 54894.23591977 45.65  34.197960 -16.707131   -100 -100.00 -100.00 -100.00
  24    93.299 54894.23592036 45.10  34.198950 -16.704654 29.684 -100.00 -100.00 -100.00
  26    94.168 54914.06719804 48.67  34.197207 -16.705854   -100 -100.00 -100.00 -100.00
  26    94.288 54914.06719863 46.53  34.198198 -16.703377   -100 -100.00 -100.00 -100.00
  27    93.033 54923.98283477 48.02  34.197294 -16.709665   -100 -100.00 -100.00 -100.00
  27    93.270 54923.98283536 46.57  34.198284 -16.707188   -100 -100.00 -100.00 -100.00
  28    92.884 54933.89847076 44.71  34.199017 -16.713961 26.565 -100.00 -100.00 -100.00
  28    92.834 54933.89847135 44.25  34.200008 -16.711484 27.696 -100.00 -100.00 -100.00
  29    92.753 54943.81410533 40.32  34.202460 -16.716638 21.085 -100.00 -100.00 -100.00
  29    92.409 54943.81410592 40.91  34.203451 -16.714160 25.721 -100.00 -100.00 -100.00
  34   142.351 54993.39232638  5.34  34.201978 -16.716435  4.339 -100.00 -100.00 -100.00
  34   142.081 54993.39232697  6.86  34.202968 -16.713958  4.564 -100.00 -100.00 -100.00
  35    92.712 55003.30797296 44.64  34.201946 -16.716058 27.123 -100.00 -100.00 -100.00
  35    92.864 55003.30797355 47.19  34.202936 -16.713581 27.248 -100.00 -100.00 -100.00
  37    92.727 55023.13925995 43.69  34.199612 -16.715358 23.296 -100.00 -100.00 -100.00
  37    92.817 55023.13926054 47.32  34.200602 -16.712881 24.115 -100.00 -100.00 -100.00
  38    92.734 55033.05490188 41.89  34.199743 -16.714809 26.892 -100.00 -100.00 -100.00
  38    93.013 55033.05490247 44.73  34.200733 -16.712333 26.912 -100.00 -100.00 -100.00
  39   140.450 55042.97054293 19.87  34.201267 -16.715520 10.481 -100.00 -100.00 -100.00
  39   140.175 55042.97054352 27.76  34.202257 -16.713043 18.067 -100.00 -100.00 -100.00
  42    92.727 55072.71746408 44.05  34.205328 -16.716745 20.421 -100.00 -100.00 -100.00
  42    92.608 55072.71746467 44.82  34.206319 -16.714269 31.340 -100.00 -100.00 -100.00
  44   147.961 55092.54875963 23.77  34.198779 -16.713730  9.653 -100.00 -100.00 -100.00
  44   145.307 55092.54876023 22.79  34.199769 -16.711253  8.949 -100.00 -100.00 -100.00
  45   147.709 55102.46440681 19.63  34.197978 -16.712641  6.938 -100.00 -100.00 -100.00
  45   142.634 55102.46440740 27.79  34.198968 -16.710164 16.537 -100.00 -100.00 -100.00
  45   139.383 55102.46440799 21.63  34.199959 -16.707687 24.438 -100.00 -100.00 -100.00
  46   141.738 55112.38005314 23.87  34.197520 -16.714398 12.240 -100.00 -100.00 -100.00
  46   139.659 55112.38005373 25.78  34.198510 -16.711921 15.709 -100.00 -100.00 -100.00
  46   140.054 55112.38005432 13.32  34.199500 -16.709444 15.170 -100.00 -100.00 -100.00
  46   140.467 55112.38005491 16.66  34.200490 -16.706967 31.475 -100.00 -100.00 -100.00
  47    92.688 55122.29569740 31.09  34.198220 -16.715349  9.744 -100.00 -100.00 -100.00
  47    92.525 55122.29569799 34.08  34.199210 -16.712872 15.031 -100.00 -100.00 -100.00
  47    92.936 55122.29569858 37.29  34.200200 -16.710395 22.656 -100.00 -100.00 -100.00
  48    92.359 55132.21133932 31.57  34.199684 -16.713408 25.614 -100.00 -100.00 -100.00
  48    92.377 55132.21133991 28.48  34.200674 -16.710931 17.546 -100.00 -100.00 -100.00
  49    91.476 55142.12697799 25.31  34.198676 -16.715417 32.693 -100.00 -100.00 -100.00
  49    92.663 55142.12697858 37.99  34.199666 -16.712940 14.439 -100.00 -100.00 -100.00
  50    92.029 55152.04261639 27.03  34.199074 -16.714970 21.186 -100.00 -100.00 -100.00
  50    92.029 55152.04261698 26.23  34.200065 -16.712493 15.735 -100.00 -100.00 -100.00
  52    92.097 55171.87389303 41.59  34.204404 -16.716474 27.884 -100.00 -100.00 -100.00
  52    91.888 55171.87389362 42.38  34.205395 -16.713997 26.967 -100.00 -100.00 -100.00
  54    92.515 55191.70517951 40.02  34.204464 -16.717382 23.249 -100.00 -100.00 -100.00
  54    92.251 55191.70518010 42.24  34.205455 -16.714905 26.016 -100.00 -100.00 -100.00
  55    91.997 55201.62083017 25.80  34.200921 -16.714915 13.442 -100.00 -100.00 -100.00
  55    92.154 55201.62083076 30.62  34.201911 -16.712438 22.618 -100.00 -100.00 -100.00
  56    92.422 55211.53648011 47.06  34.198137 -16.714333 29.412 -100.00 -100.00 -100.00
  56    92.422 55211.53648070 50.19  34.199127 -16.711856   -100 -100.00 -100.00 -100.00
  56    92.330 55211.53648129 52.46  34.200118 -16.709379   -100 -100.00 -100.00 -100.00
  57    92.928 55221.45212986 46.43  34.197760 -16.713571 20.093 -100.00 -100.00 -100.00
  57    92.655 55221.45213045 48.80  34.198750 -16.711094 32.017 -100.00 -100.00 -100.00
  57    92.658 55221.45213104 46.84  34.199740 -16.708617   -100 -100.00 -100.00 -100.00
  58    93.092 55231.36777828 46.18  34.197433 -16.713658 21.356 -100.00 -100.00 -100.00
  58    92.901 55231.36777887 49.44  34.198424 -16.711181 26.097 -100.00 -100.00 -100.00
  58    92.537 55231.36777946 51.00  34.199414 -16.708704   -100 -100.00 -100.00 -100.00
  59    92.808 55241.28342333 46.28  34.197483 -16.713923 22.368 -100.00 -100.00 -100.00
  59    92.642 55241.28342392 49.13  34.198474 -16.711446 31.911 -100.00 -100.00 -100.00
  59    92.537 55241.28342451 49.87  34.199464 -16.708968   -100 -100.00 -100.00 -100.00
  60    94.113 55251.19906553 48.00  34.197798 -16.709825 21.184 -100.00 -100.00 -100.00
  60    93.865 55251.19906612 46.56  34.198788 -16.707347 28.040 -100.00 -100.00 -100.00
  62    93.377 55271.03034218 43.98  34.197518 -16.707781 25.477 -100.00 -100.00 -100.00
  62    93.318 55271.03034277 45.12  34.198508 -16.705304 31.168 -100.00 -100.00 -100.00
  63    93.983 55280.94597839 46.35  34.197829 -16.713710 26.555 -100.00 -100.00 -100.00
  63    93.928 55280.94597899 50.00  34.198819 -16.711233 29.401 -100.00 -100.00 -100.00
  63    93.362 55280.94597958 47.88  34.199809 -16.708756   -100 -100.00 -100.00 -100.00
  64   144.070 55290.86161465 26.47  34.201302 -16.714982 18.178 -100.00 -100.00 -100.00
  64   142.516 55290.86161524 23.41  34.202293 -16.712505 19.686 -100.00 -100.00 -100.00
  65    93.526 55300.77724843 45.13  34.204688 -16.717172 25.890 -100.00 -100.00 -100.00
  65    93.502 55300.77724902 48.19  34.205679 -16.714695   -100 -100.00 -100.00 -100.00
  66    93.493 55310.69289452 37.88  34.203482 -16.716626 22.135 -100.00 -100.00 -100.00
  66    93.734 55310.69289511 42.95  34.204473 -16.714149 29.646 -100.00 -100.00 -100.00
  67    93.785 55320.60854002 47.06  34.201601 -16.715395 28.134 -100.00 -100.00 -100.00
  67    93.628 55320.60854061 47.35  34.202592 -16.712917   -100 -100.00 -100.00 -100.00
  68    93.497 55330.52418445 46.01  34.199808 -16.715292 28.239 -100.00 -100.00 -100.00
  68    93.568 55330.52418504 46.11  34.200799 -16.712815 28.382 -100.00 -100.00 -100.00
  69    93.509 55340.43982909 47.30  34.199954 -16.714506 30.160 -100.00 -100.00 -100.00
  69    93.454 55340.43982968 50.40  34.200945 -16.712029 30.149 -100.00 -100.00 -100.00
  71    93.920 55360.27111548 47.25  34.202775 -16.715042 31.398 -100.00 -100.00 -100.00
  71    93.974 55360.27111607 47.49  34.203766 -16.712565 25.940 -100.00 -100.00 -100.00
  72    93.849 55370.18675500 47.11  34.202868 -16.715616 31.471 -100.00 -100.00 -100.00
  72    93.819 55370.18675559 47.51  34.203858 -16.713139   -100 -100.00 -100.00 -100.00
  73    93.947 55380.10239289 45.82  34.203025 -16.716035 28.808 -100.00 -100.00 -100.00
  73    94.019 55380.10239348 45.84  34.204015 -16.713558 27.184 -100.00 -100.00 -100.00
  75    92.577 55399.93366601 40.54  34.206839 -16.717609 28.058 -100.00 -100.00 -100.00
  75    92.431 55399.93366660 42.01  34.207830 -16.715132 28.777 -100.00 -100.00 -100.00
  77    92.153 55419.76496267 30.84  34.205012 -16.717760 15.875 -100.00 -100.00 -100.00
  77    92.041 55419.76496326 31.50  34.206002 -16.715283 15.564 -100.00 -100.00 -100.00
  78   139.742 55429.68060974 23.77  34.202349 -16.715941 13.400 -100.00 -100.00 -100.00
  78   139.442 55429.68061033 26.62  34.203339 -16.713464 17.227 -100.00 -100.00 -100.00
  79    92.279 55439.59625439 32.79  34.199431 -16.715080 28.722 -100.00 -100.00 -100.00
  79    92.566 55439.59625498 32.39  34.200422 -16.712603 22.962 -100.00 -100.00 -100.00
  80    91.858 55449.51189813 37.60  34.198504 -16.714003   -100 -100.00 -100.00 -100.00
  80    91.876 55449.51189872 38.39  34.199494 -16.711526   -100 -100.00 -100.00 -100.00
  81    92.639 55459.42754146 42.81  34.199290 -16.714033 23.529 -100.00 -100.00 -100.00
  81    92.820 55459.42754205 45.47  34.200280 -16.711556 21.189 -100.00 -100.00 -100.00
  82    92.357 55469.34318369 31.52  34.200418 -16.715492 19.846 -100.00 -100.00 -100.00
  82    92.003 55469.34318428 33.80  34.201408 -16.713016 28.269 -100.00 -100.00 -100.00
  83   147.541 55479.25882281 20.17  34.201887 -16.716558 11.996 -100.00 -100.00 -100.00
  83   148.662 55479.25882340 19.90  34.202877 -16.714081  7.937 -100.00 -100.00 -100.00
  84   146.612 55489.17445938 11.85  34.203896 -16.715693  5.893 -100.00 -100.00 -100.00
  84   148.291 55489.17445997 19.71  34.204886 -16.713217 10.224 -100.00 -100.00 -100.00
  85    92.083 55499.09009294 38.74  34.205048 -16.717043 25.332 -100.00 -100.00 -100.00
  85    91.991 55499.09009353 38.07  34.206038 -16.714567 31.431 -100.00 -100.00 -100.00
  89    93.707 55538.75267878 40.51  34.201811 -16.716530   -100 -100.00 -100.00 -100.00
  89    93.185 55538.75267937 41.59  34.202801 -16.714053   -100 -100.00 -100.00 -100.00
  91    93.949 55558.58396830 41.67  34.200079 -16.713898 27.544 -100.00 -100.00 -100.00
  91    94.177 55558.58396889 44.63  34.201070 -16.711421 32.035 -100.00 -100.00 -100.00
  93    93.309 55578.41525321 45.62  34.199804 -16.715927 21.852 -100.00 -100.00 -100.00
  93    93.300 55578.41525380 47.51  34.200794 -16.713450 29.077 -100.00 -100.00 -100.00
  94    93.760 55588.33089346 46.28  34.201901 -16.715106 29.385 -100.00 -100.00 -100.00
  94    93.763 55588.33089405 46.52  34.202891 -16.712629 29.256 -100.00 -100.00 -100.00
  96    93.541 55608.16216363 45.27  34.204481 -16.717399 25.551 -100.00 -100.00 -100.00
  96    93.746 55608.16216422 48.49  34.205472 -16.714922 27.620 -100.00 -100.00 -100.00
  97    92.212 55618.07779552 45.35  34.206471 -16.716440 27.677 -100.00 -100.00 -100.00
  97    92.241 55618.07779611 46.50  34.207461 -16.713963 27.543 -100.00 -100.00 -100.00
  98    92.352 55627.99344139 44.31  34.205115 -16.716254 25.890 -100.00 -100.00 -100.00
  98    92.129 55627.99344198 47.33  34.206105 -16.713777   -100 -100.00 -100.00 -100.00
 100    92.228 55647.82474081 43.92  34.203029 -16.716287 28.954 -100.00 -100.00 -100.00
 100    92.244 55647.82474140 44.94  34.204019 -16.713810 31.949 -100.00 -100.00 -100.00
 101    93.357 55657.74038674 46.16  34.201932 -16.715818 27.179 -100.00 -100.00 -100.00
 101    93.488 55657.74038733 48.28  34.202923 -16.713341 27.972 -100.00 -100.00 -100.00
 102    93.180 55667.65602854 45.11  34.200671 -16.716169 25.978 -100.00 -100.00 -100.00
 102    93.137 55667.65602914 47.86  34.201662 -16.713692   -100 -100.00 -100.00 -100.00
 103    92.443 55677.57166822 45.55  34.200889 -16.715513 27.009 -100.00 -100.00 -100.00
 103    92.187 55677.57166881 46.07  34.201880 -16.713036   -100 -100.00 -100.00 -100.00
 107    92.076 55717.23422875 44.18  34.205830 -16.717609 26.534 -100.00 -100.00 -100.00
 107    91.766 55717.23422934 46.11  34.206821 -16.715132   -100 -100.00 -100.00 -100.00
 108   140.992 55727.14987694 21.73  34.203502 -16.716739 13.093 -100.00 -100.00 -100.00
 108   139.715 55727.14987753 25.52  34.204492 -16.714262 22.542 -100.00 -100.00 -100.00
 109    93.278 55737.06552319 45.39  34.201886 -16.716533 28.879 -100.00 -100.00 -100.00
 109    93.364 55737.06552378 48.26  34.202876 -16.714056 29.536 -100.00 -100.00 -100.00
 114    92.112 55786.64372452 43.18  34.204637 -16.717071 23.269 -100.00 -100.00 -100.00
 114    92.193 55786.64372511 43.19  34.205628 -16.714595 20.997 -100.00 -100.00 -100.00
 115    91.978 55796.55935838 42.44  34.206330 -16.717329 24.914 -100.00 -100.00 -100.00
 115    92.177 55796.55935897 43.64  34.207321 -16.714852 26.065 -100.00 -100.00 -100.00
 116    91.885 55806.47500013 43.04  34.206672 -16.717890 28.311 -100.00 -100.00 -100.00
 116    91.826 55806.47500072 43.25  34.207662 -16.715413 28.720 -100.00 -100.00 -100.00
 117    92.051 55816.39064986 43.95  34.206388 -16.716877 27.778 -100.00 -100.00 -100.00
 117    91.763 55816.39065045 44.31  34.207378 -16.714400   -100 -100.00 -100.00 -100.00
 118   149.918 55826.30629624  3.37  34.206138 -16.717033  2.742 -100.00 -100.00 -100.00
 118   147.695 55826.30629683 11.64  34.207128 -16.714556  9.636 -100.00 -100.00 -100.00
 119    92.148 55836.22193783 41.13  34.205312 -16.718187 23.392 -100.00 -100.00 -100.00
 119    92.201 55836.22193842 43.05  34.206302 -16.715710 26.473 -100.00 -100.00 -100.00
 120    92.205 55846.13757636 43.39  34.205234 -16.717444 23.012 -100.00 -100.00 -100.00
 120    92.166 55846.13757695 45.48  34.206224 -16.714967 28.751 -100.00 -100.00 -100.00
 122   142.608 55865.96885395 23.73  34.207117 -16.717765 13.565 -100.00 -100.00 -100.00
 122   142.823 55865.96885454 25.39  34.208107 -16.715289 17.083 -100.00 -100.00 -100.00
 123    92.200 55875.88450626 43.60  34.205120 -16.717870 21.078 -100.00 -100.00 -100.00
 123    92.121 55875.88450685 45.89  34.206110 -16.715394 24.010 -100.00 -100.00 -100.00
 133   149.303 55975.04094192 22.32  34.199980 -16.716192  8.344 -100.00 -100.00 -100.00
 133   148.747 55975.04094251 21.21  34.200970 -16.713715  7.246 -100.00 -100.00 -100.00
 134    92.405 55984.95657797 44.48  34.203335 -16.716639 23.838 -100.00 -100.00 -100.00
 134    92.315 55984.95657856 46.79  34.204325 -16.714162 26.716 -100.00 -100.00 -100.00
 136    92.016 56004.78786331 36.42  34.205919 -16.717590 24.631 -100.00 -100.00 -100.00
 136    91.839 56004.78786390 37.93  34.206910 -16.715113   -100 -100.00 -100.00 -100.00
 139    92.644 56034.53480011 43.17  34.199601 -16.713874 26.230 -100.00 -100.00 -100.00
 139    92.578 56034.53480070 42.43  34.200591 -16.711397 28.137 -100.00 -100.00 -100.00
 141    91.712 56054.36607984 39.26  34.204177 -16.716026 24.864 -100.00 -100.00 -100.00
 141    92.010 56054.36608043 41.46  34.205168 -16.713549 25.949 -100.00 -100.00 -100.00
 142    92.265 56064.28171462 44.66  34.207217 -16.717167 21.671 -100.00 -100.00 -100.00
 142    92.103 56064.28171521 46.53  34.208207 -16.714689 32.193 -100.00 -100.00 -100.00
 145    92.382 56094.02865385 42.48  34.201822 -16.715273 18.382 -100.00 -100.00 -100.00
 145    92.089 56094.02865444 46.31  34.202812 -16.712796   -100 -100.00 -100.00 -100.00
 148    92.403 56123.77556656 40.28  34.204896 -16.715896 14.770 -100.00 -100.00 -100.00
 148    92.134 56123.77556715 45.59  34.205886 -16.713419 26.230 -100.00 -100.00 -100.00
 149   143.700 56133.69120075 18.86  34.206251 -16.716574 11.345 -100.00 -100.00 -100.00
 149   142.540 56133.69120134 20.76  34.207242 -16.714097 15.264 -100.00 -100.00 -100.00
 150    92.042 56143.60683970 40.88  34.206105 -16.716526 27.992 -100.00 -100.00 -100.00
 150    91.931 56143.60684029 40.06  34.207096 -16.714049 22.846 -100.00 -100.00 -100.00
 151   142.345 56153.52249020 20.51  34.203273 -16.716342 16.384 -100.00 -100.00 -100.00
 151   142.742 56153.52249079 15.47  34.204263 -16.713865 11.536 -100.00 -100.00 -100.00
 152   143.065 56163.43813950 20.27  34.202170 -16.716778 11.934 -100.00 -100.00 -100.00
 152   141.754 56163.43814009 16.05  34.203160 -16.714301 13.988 -100.00 -100.00 -100.00
 155   139.465 56193.18506817 26.03  34.204176 -16.715477 27.463 -100.00 -100.00 -100.00
 155   137.847 56193.18506876 18.72  34.205166 -16.713000 23.072 -100.00 -100.00 -100.00
 157    91.687 56213.01633717 25.49  34.205775 -16.716596 10.317 -100.00 -100.00 -100.00
 157    91.950 56213.01633776 29.83  34.206766 -16.714120 16.076 -100.00 -100.00 -100.00
 160   131.887 56242.76327748  6.29  34.206599 -16.717414  4.221 -100.00 -100.00 -100.00
 160   141.466 56242.76327807  1.26  34.207590 -16.714937  4.319 -100.00 -100.00 -100.00
 161   142.557 56252.67892551 18.91  34.204170 -16.716143 12.320 -100.00 -100.00 -100.00
 161   141.264 56252.67892610 22.36  34.205160 -16.713666 17.909 -100.00 -100.00 -100.00
 162    91.839 56262.59456921 17.83  34.202609 -16.715330 20.804 -100.00 -100.00 -100.00
 162    91.845 56262.59456980 23.83  34.203599 -16.712853 16.153 -100.00 -100.00 -100.00
 166    93.374 56302.25715456 46.07  34.199837 -16.714653 22.054 -100.00 -100.00 -100.00
 166    93.203 56302.25715515 48.29  34.200827 -16.712176   -100 -100.00 -100.00 -100.00
 167    93.505 56312.17279795 45.67  34.198036 -16.714723 24.634 -100.00 -100.00 -100.00
 167    93.320 56312.17279854 47.19  34.199027 -16.712246   -100 -100.00 -100.00 -100.00
 167    93.115 56312.17279913 47.75  34.200017 -16.709769   -100 -100.00 -100.00 -100.00
 168    93.696 56322.08843908 47.07  34.197623 -16.714268 23.540 -100.00 -100.00 -100.00
 168    93.476 56322.08843967 48.14  34.198613 -16.711791   -100 -100.00 -100.00 -100.00
 168    93.604 56322.08844026 46.81  34.199603 -16.709314 27.429 -100.00 -100.00 -100.00
 169    93.132 56332.00407913 44.62  34.198395 -16.715465 22.204 -100.00 -100.00 -100.00
 169    92.979 56332.00407972 46.21  34.199386 -16.712988   -100 -100.00 -100.00 -100.00
 169    92.758 56332.00408031 47.38  34.200376 -16.710511 28.463 -100.00 -100.00 -100.00
 170    93.550 56341.91971889 45.94  34.201005 -16.716254 23.774 -100.00 -100.00 -100.00
 170    93.262 56341.91971948 46.85  34.201995 -16.713777 29.475 -100.00 -100.00 -100.00
 171    92.202 56351.83535670 44.66  34.204981 -16.716064 31.398 -100.00 -100.00 -100.00
 171    92.079 56351.83535729 46.11  34.205971 -16.713587   -100 -100.00 -100.00 -100.00
 174    92.636 56381.58229252 42.31  34.199202 -16.714479 24.228 -100.00 -100.00 -100.00
 174    92.601 56381.58229311 43.94  34.200192 -16.712002   -100 -100.00 -100.00 -100.00
 175    92.250 56391.49793746 45.69  34.198183 -16.713798   -100 -100.00 -100.00 -100.00
 175    92.401 56391.49793805 47.54  34.199173 -16.711320   -100 -100.00 -100.00 -100.00
 175    92.378 56391.49793864 47.62  34.200164 -16.708843   -100 -100.00 -100.00 -100.00
 176    92.165 56401.41358073 44.86  34.200050 -16.714237 28.638 -100.00 -100.00 -100.00
 176    92.244 56401.41358132 45.18  34.201040 -16.711760 30.332 -100.00 -100.00 -100.00
 177    92.012 56411.32922104 44.36  34.202694 -16.715667 27.607 -100.00 -100.00 -100.00
 177    91.872 56411.32922163 46.95  34.203684 -16.713189   -100 -100.00 -100.00 -100.00
 178    92.038 56421.24485611 42.78  34.205428 -16.717942 22.384 -100.00 -100.00 -100.00
 178    91.854 56421.24485670 46.12  34.206419 -16.715465 26.455 -100.00 -100.00 -100.00
 179    91.757 56431.16049501 44.78  34.206401 -16.717220   -100 -100.00 -100.00 -100.00
 179    91.844 56431.16049560 45.61  34.207391 -16.714743   -100 -100.00 -100.00 -100.00
 181    92.579 56450.99179689 44.96  34.199252 -16.715074 19.807 -100.00 -100.00 -100.00
 181    91.865 56450.99179748 47.92  34.200242 -16.712597   -100 -100.00 -100.00 -100.00
 182    92.119 56460.90744448 38.55  34.199362 -16.714349 24.388 -100.00 -100.00 -100.00
 182    91.854 56460.90744507 39.94  34.200352 -16.711872 29.116 -100.00 -100.00 -100.00
 183    92.220 56470.82308882 46.29  34.200100 -16.713883 24.118 -100.00 -100.00 -100.00
 183    92.152 56470.82308941 47.13  34.201090 -16.711406   -100 -100.00 -100.00 -100.00
 184    92.127 56480.73872942 42.10  34.200882 -16.714382 27.126 -100.00 -100.00 -100.00
 184    92.095 56480.73873001 42.31  34.201872 -16.711905 24.962 -100.00 -100.00 -100.00
 185    92.312 56490.65436600 31.28  34.201129 -16.716327 13.521 -100.00 -100.00 -100.00
 185    92.236 56490.65436659 34.68  34.202119 -16.713850 19.000 -100.00 -100.00 -100.00
 187    91.942 56510.48563469 40.84  34.206863 -16.717127 24.036 -100.00 -100.00 -100.00
 187    91.652 56510.48563528 43.79  34.207853 -16.714650 31.740 -100.00 -100.00 -100.00
 192   145.110 56560.06386976 19.24  34.200927 -16.714619  8.551 -100.00 -100.00 -100.00
 192   147.314 56560.06387035 16.40  34.201918 -16.712143  6.200 -100.00 -100.00 -100.00
 193    93.230 56569.97951097 44.91  34.200559 -16.715924 23.375 -100.00 -100.00 -100.00
 193    93.160 56569.97951156 46.69  34.201549 -16.713447 30.916 -100.00 -100.00 -100.00
 194    93.270 56579.89515126 37.29  34.202803 -16.716811 19.881 -100.00 -100.00 -100.00
 194    93.334 56579.89515185 48.11  34.203793 -16.714334  5.779 -100.00 -100.00 -100.00
 198    92.329 56619.55773072 43.91  34.201575 -16.715902 22.618 -100.00 -100.00 -100.00
 198    92.184 56619.55773131 47.02  34.202565 -16.713425 29.390 -100.00 -100.00 -100.00
 199    92.194 56629.47337416 35.67  34.201205 -16.715014 31.981 -100.00 -100.00 -100.00
 199    92.013 56629.47337476 34.41  34.202196 -16.712537   -100 -100.00 -100.00 -100.00
 200    92.212 56639.38901418 45.09  34.202764 -16.715808 23.481 -100.00 -100.00 -100.00
 200    92.276 56639.38901477 46.95  34.203755 -16.713331 28.746 -100.00 -100.00 -100.00
 201    92.352 56649.30466008 40.69  34.203289 -16.715847 26.950 -100.00 -100.00 -100.00
 201    92.106 56649.30466067 43.78  34.204279 -16.713370 31.385 -100.00 -100.00 -100.00
 202    92.458 56659.22031177 45.12  34.200659 -16.714932 23.644 -100.00 -100.00 -100.00
 202    92.485 56659.22031236 46.62  34.201649 -16.712455 32.008 -100.00 -100.00 -100.00
 203    92.534 56669.13595916 45.65  34.198317 -16.714575 28.933 -100.00 -100.00 -100.00
 203    92.500 56669.13595975 46.42  34.199307 -16.712098   -100 -100.00 -100.00 -100.00
 203    92.295 56669.13596034 46.72  34.200298 -16.709622   -100 -100.00 -100.00 -100.00
 205    92.838 56688.96724723 47.04  34.199009 -16.714477 31.962 -100.00 -100.00 -100.00
 205    93.116 56688.96724782 45.25  34.200000 -16.712000 28.885 -100.00 -100.00 -100.00
 206    93.824 56698.88288778 43.99  34.201392 -16.715159 17.369 -100.00 -100.00 -100.00
 206    94.015 56698.88288838 46.79  34.202383 -16.712682 26.115 -100.00 -100.00 -100.00
 207    92.478 56708.79852360 44.28  34.204127 -16.716665 28.095 -100.00 -100.00 -100.00
 207    92.538 56708.79852419 44.96  34.205118 -16.714188 25.544 -100.00 -100.00 -100.00
 208    93.605 56718.71416244 45.01  34.204570 -16.717168 17.247 -100.00 -100.00 -100.00
 208    93.526 56718.71416303 46.20  34.205560 -16.714691 24.809 -100.00 -100.00 -100.00
 209   142.030 56728.62981528 12.47  34.201026 -16.714534  6.508 -100.00 -100.00 -100.00
 209   142.175 56728.62981587 14.14  34.202016 -16.712056  9.268 -100.00 -100.00 -100.00
 211    92.695 56748.46110903 44.94  34.198116 -16.714135 23.606 -100.00 -100.00 -100.00
 211    92.481 56748.46110962 48.11  34.199106 -16.711657 32.620 -100.00 -100.00 -100.00
 211    92.500 56748.46111021 49.34  34.200096 -16.709180   -100 -100.00 -100.00 -100.00
 212    92.521 56758.37674925 45.10  34.200307 -16.715831 23.533 -100.00 -100.00 -100.00
 212    92.213 56758.37674984 44.96  34.201297 -16.713354 29.912 -100.00 -100.00 -100.00
 213    92.202 56768.29238363 43.35  34.204602 -16.716963 27.169 -100.00 -100.00 -100.00
 213    91.999 56768.29238422 45.93  34.205592 -16.714486 31.323 -100.00 -100.00 -100.00
 214    92.339 56778.20803026 42.57  34.203668 -16.716694 29.064 -100.00 -100.00 -100.00
 214    92.108 56778.20803085 44.97  34.204658 -16.714217 29.509 -100.00 -100.00 -100.00
 215    92.284 56788.12368585 43.93  34.199664 -16.714642 24.276 -100.00 -100.00 -100.00
 215    92.218 56788.12368644 45.95  34.200654 -16.712165 30.616 -100.00 -100.00 -100.00
 216    92.353 56798.03933878 46.46  34.198010 -16.708408   -100 -100.00 -100.00 -100.00
 216    92.404 56798.03933937 47.54  34.199001 -16.705931   -100 -100.00 -100.00 -100.00
 219    92.298 56827.78626042 45.06  34.198997 -16.715707 27.715 -100.00 -100.00 -100.00
 219    92.241 56827.78626101 44.45  34.199987 -16.713230 31.860 -100.00 -100.00 -100.00
 220   141.820 56837.70189423 13.28  34.202156 -16.716255  7.503 -100.00 -100.00 -100.00
 220   142.105 56837.70189482 11.31  34.203146 -16.713778  7.808 -100.00 -100.00 -100.00
 221    92.196 56847.61752535 32.96  34.205450 -16.717481 16.958 -100.00 -100.00 -100.00
 221    91.878 56847.61752594 36.09  34.206441 -16.715004 26.368 -100.00 -100.00 -100.00
 222    92.112 56857.53317792 40.92  34.203269 -16.715828 19.023 -100.00 -100.00 -100.00
 222    91.876 56857.53317851 42.55  34.204259 -16.713351 29.832 -100.00 -100.00 -100.00
 223    93.930 56867.44883133 25.01  34.201308 -16.716158 15.476 -100.00 -100.00 -100.00
 223    92.529 56867.44883192 28.52  34.202298 -16.713681 22.962 -100.00 -100.00 -100.00
 224    92.260 56877.36448345 29.49  34.200355 -16.715138 20.602 -100.00 -100.00 -100.00
 224    92.511 56877.36448404 32.55  34.201345 -16.712661 24.459 -100.00 -100.00 -100.00
 225    92.419 56887.28013247 45.06  34.199347 -16.713625 23.273 -100.00 -100.00 -100.00
 225    92.697 56887.28013306 49.39  34.200337 -16.711149 26.140 -100.00 -100.00 -100.00
 226   139.599 56897.19577832 25.44  34.197624 -16.713230 23.392 -100.00 -100.00 -100.00
 226   139.961 56897.19577891 17.20  34.198614 -16.710753 12.497 -100.00 -100.00 -100.00
 226   138.971 56897.19577950 27.86  34.199604 -16.708276 32.526 -100.00 -100.00 -100.00
 227   140.207 56907.11142173 22.61  34.197346 -16.710679 27.653 -100.00 -100.00 -100.00
 227   138.693 56907.11142232 13.34  34.198336 -16.708202 25.043 -100.00 -100.00 -100.00
 227   137.186 56907.11142291 15.01  34.199326 -16.705725   -100 -100.00 -100.00 -100.00
 228   138.512 56917.02706251 28.58  34.197998 -16.710323 29.267 -100.00 -100.00 -100.00
 228   139.020 56917.02706310 25.39  34.198988 -16.707846   -100 -100.00 -100.00 -100.00
 229   140.425 56926.94270023 23.78  34.199010 -16.715460 18.678 -100.00 -100.00 -100.00
 229   140.860 56926.94270082 25.68  34.200000 -16.712983 21.523 -100.00 -100.00 -100.00
 230    93.813 56936.85833556 24.80  34.203290 -16.716388 12.937 -100.00 -100.00 -100.00
 230    92.205 56936.85833615 28.97  34.204280 -16.713911 20.205 -100.00 -100.00 -100.00
 232    92.205 56956.68962000 35.10  34.205183 -16.716200 21.899 -100.00 -100.00 -100.00
 232    92.086 56956.68962059 36.15  34.206173 -16.713724 23.642 -100.00 -100.00 -100.00
 234    92.762 56976.52091397 38.07  34.200654 -16.715411 17.178 -100.00 -100.00 -100.00
 234    92.988 56976.52091456 40.67  34.201644 -16.712934 20.952 -100.00 -100.00 -100.00
 235    92.553 56986.43655484 34.42  34.201993 -16.715237 22.668 -100.00 -100.00 -100.00
 235    92.548 56986.43655543 34.18  34.202983 -16.712760 20.063 -100.00 -100.00 -100.00
 236   141.566 56996.35218970 23.43  34.205086 -16.717201 11.571 -100.00 -100.00 -100.00
 236   140.693 56996.35219029 26.52  34.206077 -16.714724 26.398 -100.00 -100.00 -100.00
 239    92.915 57026.09914029 47.27  34.199325 -16.713624 29.542 -100.00 -100.00 -100.00
 239    92.879 57026.09914089 49.53  34.200316 -16.711147   -100 -100.00 -100.00 -100.00
 240    93.399 57036.01478833 46.53  34.198157 -16.714702 22.312 -100.00 -100.00 -100.00
 240    93.579 57036.01478892 46.51  34.199148 -16.712225 26.873 -100.00 -100.00 -100.00
 240    93.183 57036.01478951 47.90  34.200138 -16.709748   -100 -100.00 -100.00 -100.00
 241    93.833 57045.93043422 46.49  34.199752 -16.714214 19.363 -100.00 -100.00 -100.00
 241    93.375 57045.93043481 47.35  34.200742 -16.711737   -100 -100.00 -100.00 -100.00
 242    93.853 57055.84607662 24.09  34.201740 -16.714779 11.380 -100.00 -100.00 -100.00
 242    93.219 57055.84607721 30.00  34.202730 -16.712301 27.285 -100.00 -100.00 -100.00
 243    92.631 57065.76171379 45.79  34.203156 -16.715762 32.129 -100.00 -100.00 -100.00
 243    92.536 57065.76171438 46.52  34.204146 -16.713285   -100 -100.00 -100.00 -100.00
 244    92.576 57075.67734680 44.43  34.204631 -16.716077 23.188 -100.00 -100.00 -100.00
 244    92.144 57075.67734739 46.27  34.205622 -16.713600 31.533 -100.00 -100.00 -100.00
 245    92.650 57085.59297688 42.31  34.207400 -16.717260 32.207 -100.00 -100.00 -100.00
 245    92.515 57085.59297747 43.64  34.208390 -16.714783 31.397 -100.00 -100.00 -100.00
 247    91.878 57105.42428988 43.09  34.201248 -16.716382 28.090 -100.00 -100.00 -100.00
 247    91.991 57105.42429047 44.71  34.202239 -16.713904   -100 -100.00 -100.00 -100.00
 248    92.718 57115.33994196 43.46  34.200584 -16.716164 20.169 -100.00 -100.00 -100.00
 248    92.365 57115.33994255 44.06  34.201574 -16.713686 28.834 -100.00 -100.00 -100.00
 249    92.569 57125.25558795 45.29  34.200778 -16.714809 23.313 -100.00 -100.00 -100.00
 249    92.377 57125.25558854 45.46  34.201768 -16.712332 29.502 -100.00 -100.00 -100.00
 250    92.489 57135.17122787 45.22  34.200202 -16.715429 24.439 -100.00 -100.00 -100.00
 250    92.205 57135.17122846 46.60  34.201192 -16.712952   -100 -100.00 -100.00 -100.00
