#   95.238  -4.154  16.357 ;Mean Elev.(m), Avg Gradient(m/km), RMS Gradient(m/km) - SRTM1     
#  103.268  -3.926  16.456 ;Mean Elev.(m), Avg Gradient(m/km), RMS Gradient(m/km) - ASTER GDEM
#   95.309  -4.138  16.742 ;Mean Elev.(m), Avg Gradient(m/km), RMS Gradient(m/km) - GMTED2010 
   1  34.204651 -16.716159    92.383    92.383  2 54666.17609059 45.262
   2  34.204524 -16.714357    92.510    92.510  2 54676.09173515 46.617
   3  34.204697 -16.715498    -8.747    -8.747  2 54686.00737761  1.102
  11  34.198887 -16.710723    91.930    91.891  4 54765.33254967 30.906
  17  34.205587 -16.716432    93.345    93.345  2 54824.82639164 45.591
  19  34.199089 -16.714287    93.319    93.319  2 54844.65768135 46.867
  20  34.198124 -16.710844    93.594    93.639  3 54854.57333142 47.053
  21  34.198679 -16.707579    93.124    93.124  2 54864.48898153 44.642
  22  34.198458 -16.707531    92.828    92.828  2 54874.40463061 35.108
  23  34.198339 -16.708174    93.005    93.005  2 54884.32027685 45.205
  24  34.197960 -16.707131    93.175    93.194  3 54894.23591977 46.134
  26  34.197702 -16.704615    94.228    94.228  2 54914.06719833 47.730
  27  34.197789 -16.708426    93.152    93.152  2 54923.98283506 47.355
  28  34.199512 -16.712722    92.859    92.859  2 54933.89847105 44.486
  29  34.202956 -16.715399    92.581    92.581  2 54943.81410562 40.625
  34  34.202473 -16.715196   142.216   142.216  2 54993.39232667  6.166
  35  34.202441 -16.714819    92.788    92.788  2 55003.30797325 46.100
  37  34.200107 -16.714119    92.772    92.772  2 55023.13926024 45.874
  38  34.200238 -16.713571    92.874    92.874  2 55033.05490217 43.538
  39  34.201762 -16.714281   140.312   140.312  2 55042.97054322 25.404
  42  34.205824 -16.715507    92.668    92.668  2 55072.71746437 44.452
  44  34.199274 -16.712491   146.634   146.634  2 55092.54875993 23.308
  45  34.198968 -16.710164   143.242   142.634  3 55102.46440740 24.464
  46  34.199005 -16.710682   140.480   140.261  4 55112.38005402 22.368
  47  34.199210 -16.712872    92.716    92.688  3 55122.29569799 34.868
  48  34.200179 -16.712169    92.368    92.368  2 55132.21133962 30.294
  49  34.199171 -16.714178    92.069    92.069  2 55142.12697828 35.208
  50  34.199569 -16.713732    92.029    92.029  2 55152.04261668 26.648
  52  34.204899 -16.715235    91.992    91.992  2 55171.87389333 42.003
  54  34.204960 -16.716144    92.383    92.383  2 55191.70517980 41.270
  55  34.201416 -16.713676    92.075    92.075  2 55201.62083046 28.847
  56  34.199127 -16.711856    92.391    92.422  3 55211.53648070 50.433
  57  34.198750 -16.711094    92.747    92.658  3 55221.45213045 47.485
  58  34.198424 -16.711181    92.844    92.901  3 55231.36777887 49.299
  59  34.198474 -16.711446    92.662    92.642  3 55241.28342392 48.680
  60  34.198293 -16.708586    93.989    93.989  2 55251.19906582 47.339
  62  34.198013 -16.706542    93.348    93.348  2 55271.03034248 44.587
  63  34.198819 -16.711233    93.758    93.928  3 55280.94597899 48.336
  64  34.201797 -16.713743   143.293   143.293  2 55290.86161494 25.204
  65  34.205183 -16.715933    93.514    93.514  2 55300.77724872 46.924
  66  34.203978 -16.715387    93.613    93.613  2 55310.69289482 41.116
  67  34.202096 -16.714156    93.706    93.706  2 55320.60854032 47.207
  68  34.200303 -16.714053    93.532    93.532  2 55330.52418474 46.060
  69  34.200449 -16.713268    93.482    93.482  2 55340.43982938 49.121
  71  34.203271 -16.713803    93.947    93.947  2 55360.27111578 47.372
  72  34.203363 -16.714377    93.834    93.834  2 55370.18675529 47.315
  73  34.203520 -16.714796    93.983    93.983  2 55380.10239318 45.830
  75  34.207335 -16.716371    92.504    92.504  2 55399.93366630 41.337
  77  34.205507 -16.716521    92.097    92.097  2 55419.76496296 31.183
  78  34.202844 -16.714703   139.592   139.592  2 55429.68061004 25.425
  79  34.199926 -16.713842    92.422    92.422  2 55439.59625468 32.595
  80  34.198999 -16.712764    91.867    91.867  2 55449.51189842 38.013
  81  34.199785 -16.712795    92.730    92.730  2 55459.42754176 44.341
  82  34.200913 -16.714254    92.180    92.180  2 55469.34318399 32.808
  83  34.202382 -16.715319   148.102   148.102  2 55479.25882310 20.037
  84  34.204391 -16.714455   147.452   147.452  2 55489.17445967 17.358
  85  34.205543 -16.715805    92.037    92.037  2 55499.09009323 38.418
  89  34.202306 -16.715291    93.446    93.446  2 55538.75267907 41.083
  91  34.200575 -16.712660    94.063    94.063  2 55558.58396860 43.397
  93  34.200299 -16.714689    93.305    93.305  2 55578.41525350 46.667
  94  34.202396 -16.713867    93.762    93.762  2 55588.33089376 46.402
  96  34.204977 -16.716161    93.644    93.644  2 55608.16216392 47.172
  97  34.206966 -16.715201    92.227    92.227  2 55618.07779581 45.963
  98  34.205610 -16.715015    92.240    92.240  2 55627.99344168 46.077
 100  34.203524 -16.715048    92.236    92.236  2 55647.82474111 44.460
 101  34.202427 -16.714579    93.422    93.422  2 55657.74038703 47.348
 102  34.201166 -16.714931    93.158    93.158  2 55667.65602884 46.699
 103  34.201384 -16.714274    92.315    92.315  2 55677.57166851 45.818
 107  34.206325 -16.716371    91.921    91.921  2 55717.23422904 45.251
 108  34.203997 -16.715500   140.353   140.353  2 55727.14987723 24.026
 109  34.202381 -16.715294    93.321    93.321  2 55737.06552348 47.058
 114  34.205132 -16.715833    92.153    92.153  2 55786.64372482 43.185
 115  34.206826 -16.716090    92.077    92.077  2 55796.55935867 43.081
 116  34.207167 -16.716651    91.855    91.855  2 55806.47500043 43.146
 117  34.206883 -16.715638    91.907    91.907  2 55816.39065015 44.134
 118  34.206633 -16.715795   148.807   148.807  2 55826.30629653  9.233
 119  34.205807 -16.716949    92.175    92.175  2 55836.22193812 42.195
 120  34.205729 -16.716206    92.185    92.185  2 55846.13757666 44.560
 122  34.207612 -16.716527   142.715   142.715  2 55865.96885425 24.639
 123  34.205615 -16.716632    92.160    92.160  2 55875.88450656 44.894
 133  34.200475 -16.714954   149.025   149.025  2 55975.04094222 21.800
 134  34.203830 -16.715401    92.360    92.360  2 55984.95657826 45.787
 136  34.206415 -16.716351    91.928    91.928  2 56004.78786361 37.240
 139  34.200096 -16.712635    92.611    92.611  2 56034.53480040 42.816
 141  34.204673 -16.714787    91.861    91.861  2 56054.36608013 40.498
 142  34.207712 -16.715928    92.184    92.184  2 56064.28171492 45.695
 145  34.202317 -16.714035    92.236    92.236  2 56094.02865415 44.804
 148  34.205391 -16.714658    92.269    92.269  2 56123.77556685 43.701
 149  34.206747 -16.715335   143.120   143.120  2 56133.69120104 19.913
 150  34.206601 -16.715287    91.987    91.987  2 56143.60684000 40.489
 151  34.203768 -16.715103   142.544   142.544  2 56153.52249049 18.683
 152  34.202665 -16.715539   142.410   142.410  2 56163.43813980 18.654
 155  34.204671 -16.714239   138.656   138.656  2 56193.18506846 23.760
 157  34.206271 -16.715358    91.818    91.818  2 56213.01633746 28.181
 160  34.207094 -16.716175   136.676   136.676  2 56242.76327778  4.466
 161  34.204665 -16.714904   141.911   141.911  2 56252.67892580 20.969
 162  34.203104 -16.714091    91.842    91.842  2 56262.59456951 21.793
 166  34.200332 -16.713414    93.288    93.288  2 56302.25715486 47.320
 167  34.199027 -16.712246    93.313    93.320  3 56312.17279854 46.956
 168  34.198613 -16.711791    93.592    93.604  3 56322.08843967 47.379
 169  34.199386 -16.712988    92.956    92.979  3 56332.00407972 46.214
 170  34.201500 -16.715015    93.406    93.406  2 56341.91971918 46.419
 171  34.205476 -16.714825    92.140    92.140  2 56351.83535700 45.445
 174  34.199697 -16.713240    92.618    92.618  2 56381.58229282 43.201
 175  34.199173 -16.711320    92.343    92.378  3 56391.49793805 47.037
 176  34.200545 -16.712998    92.204    92.204  2 56401.41358102 45.023
 177  34.203189 -16.714428    91.942    91.942  2 56411.32922134 45.845
 178  34.205923 -16.716704    91.946    91.946  2 56421.24485640 44.763
 179  34.206896 -16.715981    91.800    91.800  2 56431.16049531 45.215
 181  34.199747 -16.713835    92.222    92.222  2 56450.99179719 46.687
 182  34.199857 -16.713110    91.986    91.986  2 56460.90744478 39.300
 183  34.200595 -16.712644    92.186    92.186  2 56470.82308912 46.730
 184  34.201377 -16.713144    92.111    92.111  2 56480.73872971 42.206
 185  34.201624 -16.715089    92.274    92.274  2 56490.65436630 33.305
 187  34.207358 -16.715888    91.797    91.797  2 56510.48563499 42.561
 192  34.201422 -16.713381   146.212   146.212  2 56560.06387006 18.048
 193  34.201054 -16.714685    93.195    93.195  2 56569.97951127 45.891
 194  34.203298 -16.715573    93.302    93.302  2 56579.89515156 45.445
 198  34.202070 -16.714664    92.257    92.257  2 56619.55773102 45.738
 199  34.201701 -16.713775    92.104    92.104  2 56629.47337446 35.086
 200  34.203260 -16.714569    92.244    92.244  2 56639.38901448 46.119
 201  34.203784 -16.714608    92.229    92.229  2 56649.30466037 42.504
 202  34.201154 -16.713693    92.472    92.472  2 56659.22031207 45.934
 203  34.199307 -16.712098    92.443    92.500  3 56669.13595975 46.286
 205  34.199504 -16.713238    92.977    92.977  2 56688.96724752 46.237
 206  34.201887 -16.713921    93.919    93.919  2 56698.88288808 45.612
 207  34.204622 -16.715426    92.508    92.508  2 56708.79852389 44.633
 208  34.205065 -16.715930    93.566    93.566  2 56718.71416273 45.646
 209  34.201521 -16.713295   142.103   142.103  2 56728.62981557 13.385
 211  34.199106 -16.711657    92.559    92.500  3 56748.46110962 47.825
 212  34.200802 -16.714592    92.367    92.367  2 56758.37674955 45.031
 213  34.205097 -16.715725    92.101    92.101  2 56768.29238392 44.829
 214  34.204163 -16.715455    92.223    92.223  2 56778.20803056 43.934
 215  34.200159 -16.713403    92.251    92.251  2 56788.12368614 45.056
 216  34.198505 -16.707169    92.379    92.379  2 56798.03933908 47.033
 219  34.199492 -16.714468    92.270    92.270  2 56827.78626072 44.766
 220  34.202651 -16.715016   141.962   141.962  2 56837.70189453 12.406
 221  34.205945 -16.716242    92.037    92.037  2 56847.61752565 34.801
 222  34.203764 -16.714589    91.994    91.994  2 56857.53317822 41.811
 223  34.201803 -16.714920    93.229    93.229  2 56867.44883162 27.110
 224  34.200850 -16.713900    92.386    92.386  2 56877.36448374 31.284
 225  34.199842 -16.712387    92.558    92.558  2 56887.28013277 47.744
 226  34.198614 -16.710753   139.510   139.599  3 56897.19577891 25.286
 227  34.198336 -16.708202   138.695   138.693  3 56907.11142232 18.952
 228  34.198493 -16.709084   138.766   138.766  2 56917.02706281 27.272
 229  34.199505 -16.714222   140.643   140.643  2 56926.94270052 24.833
 230  34.203785 -16.715149    93.009    93.009  2 56936.85833586 27.367
 232  34.205678 -16.714962    92.146    92.146  2 56956.68962029 35.657
 234  34.201149 -16.714173    92.875    92.875  2 56976.52091426 39.562
 235  34.202488 -16.713998    92.550    92.550  2 56986.43655514 34.302
 236  34.205582 -16.715962   141.130   141.130  2 56996.35218999 25.244
 239  34.199821 -16.712385    92.897    92.897  2 57026.09914059 48.545
 240  34.199148 -16.712225    93.387    93.399  3 57036.01478892 47.030
 241  34.200247 -16.712975    93.604    93.604  2 57045.93043452 46.941
 242  34.202235 -16.713540    93.536    93.536  2 57055.84607692 27.981
 243  34.203651 -16.714523    92.583    92.583  2 57065.76171408 46.170
 244  34.205126 -16.714838    92.360    92.360  2 57075.67734709 45.447
 245  34.207895 -16.716022    92.583    92.583  2 57085.59297717 43.026
 247  34.201743 -16.715143    91.935    91.935  2 57105.42429018 43.975
 248  34.201079 -16.714925    92.541    92.541  2 57115.33994226 43.770
 249  34.201273 -16.713570    92.473    92.473  2 57125.25558825 45.376
 250  34.200697 -16.714191    92.347    92.347  2 57135.17122816 45.965
