#  124.351  -4.705   9.143 ;Mean Elev.(m), Avg Gradient(m/km), RMS Gradient(m/km) - SRTM1     
#  127.765  -3.899   9.403 ;Mean Elev.(m), Avg Gradient(m/km), RMS Gradient(m/km) - ASTER GDEM
#  120.957  -5.095   9.425 ;Mean Elev.(m), Avg Gradient(m/km), RMS Gradient(m/km) - GMTED2010 
   1  33.645328 -16.234327   182.233   182.280  7 54667.70636717 20.838
   6  33.647224 -16.235537   166.285   166.132  7 54717.28458961 22.572
   8  33.634065 -16.217097   120.237   120.304  9 54737.11588219 35.549
   9  33.625427 -16.202306   169.349   169.273 20 54747.03152558 19.506
  10  33.629861 -16.216535   243.442   253.890  6 54756.94717545  3.227
  12  33.633770 -16.216992   185.685   185.807  9 54776.77846207 10.075
  14  33.637032 -16.218422   120.160   120.181  9 54796.60974022 36.601
  17  33.646711 -16.235852   120.438   120.434  7 54826.35666971 49.407
  18  33.636404 -16.218576   121.099   121.116  9 54836.27230529 50.142
  19  33.626185 -16.203425   120.734   120.693 18 54846.18795148 50.705
  20  33.619339 -16.193250   122.484   122.489 19 54856.10359810 50.956
  21  33.616179 -16.188423   121.611   121.594 19 54866.01924583 52.157
  22  33.616317 -16.188467   121.927   121.918 19 54875.93489412 50.912
  23  33.619661 -16.193462   121.140   121.053 19 54885.85054075 34.494
  24  33.621537 -16.196768   121.171   121.152 21 54895.76618336 51.123
  25  33.620150 -16.194111   121.066   121.071 19 54905.68182195 49.469
  26  33.621777 -16.197638   121.559   121.532 20 54915.59746110 49.618
  27  33.624243 -16.201053   121.267   121.261 20 54925.51310028 34.632
  28  33.632224 -16.214408   120.394   120.420 11 54935.42874138 32.295
  29  33.639234 -16.221737   119.994   120.008  6 54945.34437926 41.046
  30  33.650003 -16.237015   119.217   119.182  8 54955.26001657 34.977
  31  33.647985 -16.236133   167.272   167.219  7 54965.17566346 26.036
  32  33.642488 -16.229229   119.921   119.698  7 54975.09130943 48.488
  33  33.636259 -16.218139   120.215   120.196  9 54985.00695388 50.567
  35  33.635855 -16.218190   120.207   120.209  9 55004.83824660 50.888
  36  33.634249 -16.216616   120.249   120.247  8 55014.75388958 48.932
  37  33.631902 -16.213723   120.397   120.322 11 55024.66953095 51.260
  38  33.628785 -16.207921   120.822   120.711 15 55034.58517134 50.668
  39  33.634047 -16.217646   120.397   120.407  8 55044.50081515 51.003
  40  33.642217 -16.228472   119.648   119.506  7 55054.41645795 48.470
  41  33.649559 -16.237771   118.837   118.789  8 55064.33209818 26.513
  42  33.646965 -16.235760   119.612   119.604  8 55074.24774439 46.963
  43  33.635756 -16.217623   120.334   120.393  8 55084.16338780 40.806
  44  33.627904 -16.205880   120.328   120.169 16 55094.07903104 27.977
  45  33.625402 -16.202071   120.396   120.369 20 55103.99467602 35.079
  46  33.626617 -16.203987   120.745   120.686 19 55113.91032218 31.814
  47  33.632074 -16.213677   120.609   120.546 11 55123.82596780 50.105
  48  33.635337 -16.218010   120.424   120.419  9 55133.74160935 51.142
  49  33.636135 -16.218224   119.914   119.890  8 55143.65724796 47.073
  50  33.636214 -16.218219   119.689   119.761  8 55153.57288621 26.990
  51  33.637706 -16.219498   119.953   119.999  8 55163.48852550 51.397
  52  33.646091 -16.234956   119.261   119.190  7 55173.40416813 38.047
  53  33.649687 -16.236995   119.234   119.261  8 55183.31980721 50.077
  54  33.645105 -16.234722   119.369   119.328  8 55193.23545828 39.216
  55  33.632136 -16.213992   120.262   120.195 11 55203.15110340 50.541
  56  33.623170 -16.199767   129.534   133.748 21 55213.06674929 26.402
  57  33.619551 -16.192833   120.950   120.953 20 55222.98239644 50.293
  58  33.622601 -16.198751   120.920   120.898 21 55232.89804523 50.805
  59  33.626472 -16.203809   120.606   120.570 19 55242.81369063 46.692
  60  33.626859 -16.204819   121.589   121.495 17 55252.72933156 49.460
  61  33.626389 -16.207309   122.626   122.647 14 55262.64497080 47.774
  62  33.623078 -16.199692   121.895   121.884 20 55272.56060699 51.163
  63  33.627691 -16.205806   122.106   121.996 17 55282.47624663 51.037
  64  33.636484 -16.217821   121.288   121.319  9 55292.39188671 44.746
  65  33.647961 -16.236549   120.645   120.642  7 55302.30752724 52.392
  66  33.645245 -16.234152   120.432   120.407  7 55312.22317461 32.823
  67  33.636660 -16.218178   121.299   121.315  8 55322.13881609 49.703
  68  33.634356 -16.217211   121.169   121.211  9 55332.05445961 49.222
  69  33.633014 -16.215890   121.356   121.356 10 55341.97010291 50.112
  70  33.634192 -16.216622   121.381   121.361  8 55351.88574650 50.687
  71  33.636351 -16.218295   121.544   121.541  8 55361.80138815 49.560
  72  33.637480 -16.219638   121.750   121.744  9 55371.71702759 49.921
  74  33.642128 -16.228560   121.667   121.496  7 55391.54830497 45.399
  75  33.648038 -16.235979   119.018   119.018  8 55401.46394324 42.849
  76  33.648375 -16.236722   118.583   118.575  8 55411.37959326 36.615
  77  33.646885 -16.235739   118.849   118.841  8 55421.29524290 22.631
  78  33.637214 -16.216894   119.550   119.684  7 55431.21088524 48.894
  79  33.633787 -16.216665   119.936   119.958  9 55441.12652943 50.944
  80  33.627158 -16.204765   120.486   120.371 17 55451.04216925 48.181
  81  33.630542 -16.211308   120.262   120.208 13 55460.95781290 51.145
  82  33.636196 -16.218489   119.837   119.865  8 55470.87345557 50.796
  83  33.646005 -16.235347   118.899   118.871  7 55480.78909760 49.698
  84  33.648530 -16.236135   119.009   119.034  8 55490.70473336 50.042
  85  33.650822 -16.238211   118.843   118.840  7 55500.62036761 32.907
  86  33.648496 -16.236439   118.934   118.948  8 55510.53600971 44.171
  87  33.642793 -16.229644   119.483   119.347  8 55520.45165807 42.897
  88  33.636897 -16.218874   119.458   119.407  8 55530.36730470 27.286
  89  33.635803 -16.218427   120.469   120.434  8 55540.28295222 44.634
  90  33.634100 -16.216742   121.327   121.375  9 55550.19859721 50.807
  91  33.628471 -16.207181   122.243   122.145 16 55560.11423839 49.749
  92  33.627065 -16.205164   120.936   120.854 17 55570.02988044 48.610
  93  33.631549 -16.213057   120.724   120.678 12 55579.94552378 49.595
  94  33.636552 -16.217928   121.151   121.205  9 55589.86116376 45.535
  95  33.647578 -16.235692   121.789   121.776  8 55599.77680371 51.024
  96  33.650662 -16.236972   120.028   120.040  7 55609.69243739 49.860
  97  33.651374 -16.235524   119.238   119.238  2 55619.60806908 48.767
  98  33.647461 -16.235934   119.684   119.684  8 55629.52371902 47.850
  99  33.642956 -16.230089   119.579   119.482  9 55639.43936895 35.041
 100  33.639311 -16.221545   120.843   120.860  6 55649.35501611 46.695
 101  33.637095 -16.216482   120.865   120.995  7 55659.27066082 35.189
 102  33.637202 -16.218951   120.733   120.738  8 55669.18630336 48.348
 103  33.636309 -16.218311   120.043   120.030  8 55679.10194263 50.685
 104  33.638650 -16.221701   119.464   119.442  9 55689.01758076 50.154
 105  33.646992 -16.236771   118.815   118.800  7 55698.93322014 48.745
 106  33.649680 -16.236740   118.598   118.607  8 55708.84885709 37.573
 107  33.647259 -16.235992   120.234   120.233  7 55718.76450680 49.534
 108  33.638824 -16.221091   120.606   120.614  6 55728.68015071 49.193
 109  33.635624 -16.217478   119.680   119.706  9 55738.59579614 38.700
 110  33.634697 -16.217561   119.940   119.937  8 55748.51144147 45.029
 111  33.635277 -16.217715   119.915   119.929  9 55758.42708489 32.020
 112  33.638770 -16.221830   119.482   119.525  9 55768.34272664 50.487
 113  33.646827 -16.236639   118.897   118.873  7 55778.25836791 46.376
 114  33.648860 -16.236765   119.050   119.054  8 55788.17400294 49.811
 115  33.650973 -16.237524   119.042   119.047  7 55798.08963650 49.534
 116  33.649832 -16.237441   118.534   118.541  8 55808.00528021 51.341
 117  33.648153 -16.235953   119.159   119.161  7 55817.92092820 48.232
 118  33.649398 -16.236621   119.195   119.213  8 55827.83657303 50.382
 119  33.650728 -16.236920   119.191   119.181  7 55837.75221347 50.844
 120  33.651658 -16.238210   119.140   119.142  6 55847.66785114 50.348
 121  33.650923 -16.234725   119.254   119.214  3 55857.58348577 48.542
 122  33.650082 -16.237576   118.816   118.835  8 55867.49913199 25.895
 123  33.646863 -16.236185   119.304   119.296  7 55877.41478398 49.807
 133  33.638497 -16.220977   120.107   120.088  9 55976.57121273 47.453
 134  33.646611 -16.235671   165.792   166.046  7 55986.48685323 21.310
 135  33.650480 -16.237377   119.240   119.223  7 55996.40249156 45.811
 136  33.647824 -16.235694   118.597   118.574  7 56006.31814321 30.354
 137  33.644424 -16.233000   119.706   119.588  8 56016.23379046 43.754
 139  33.632286 -16.214548   168.135   167.967 11 56036.06507336 21.574
 141  33.637940 -16.218855   119.498   119.519  8 56055.89635281 44.542
 142  33.649565 -16.237810   119.216   119.241  8 56065.81199112 50.263
 143  33.647768 -16.236833   119.025   119.030  7 56075.72763643 52.491
 144  33.636984 -16.218761   167.700   167.806  9 56085.64328063 20.939
 145  33.634710 -16.217016   119.841   119.865  8 56095.55892673 31.262
 146  33.635651 -16.217840   119.870   119.874  9 56105.47457175 35.285
 147  33.638086 -16.219607   119.837   119.840  8 56115.39020273 46.375
 148  33.646605 -16.235397   119.167   119.209  7 56125.30584491 35.627
 149  33.649562 -16.237279   119.034   119.039  8 56135.22147981 52.304
 150  33.648161 -16.235791   118.915   118.916  7 56145.13712086 51.882
 151  33.644283 -16.232848   119.122   119.007  8 56155.05276948 49.895
 152  33.638647 -16.221561   119.696   119.628  9 56164.96841503 49.878
 153  33.639027 -16.221368   119.897   120.121  6 56174.88406114 29.662
 154  33.646449 -16.235840   119.022   119.012  7 56184.79970573 46.259
 155  33.647578 -16.236017   119.034   119.020  7 56194.71534312 49.294
 156  33.648256 -16.236791   118.843   118.867  7 56204.63097796 38.504
 157  33.650249 -16.238441   118.828   118.796  8 56214.54661194 26.306
 158  33.651417 -16.235660   119.113   119.113  2 56224.46224801 18.287
 159  33.649838 -16.237818   118.806   118.772  8 56234.37790463 24.000
 160  33.646951 -16.235709   118.755   118.756  7 56244.29355635 45.664
 161  33.639710 -16.223346   119.310   119.338  8 56254.20920073 28.353
 162  33.635967 -16.217955   119.790   119.788  9 56264.12484240 49.175
 165  33.635970 -16.217731   120.147   120.150  9 56293.87177867 50.137
 166  33.635853 -16.218490   121.328   121.331  8 56303.78742562 48.977
 167  33.634610 -16.217931   166.378   166.490  8 56313.70306825 23.592
 168  33.631761 -16.213018   120.610   120.568 11 56323.61870809 47.366
 169  33.633817 -16.216857   120.853   120.872  8 56333.53434975 49.640
 170  33.637073 -16.219032   120.289   120.307  8 56343.44999075 47.664
 171  33.647572 -16.236509   119.114   119.122  7 56353.36563323 41.784
 172  33.648029 -16.236489   228.511   228.088  4 56363.28127651  2.317
 173  33.638243 -16.221060   120.455   120.414  9 56373.19692209 48.787
 175  33.625069 -16.202430   120.457   120.448 20 56393.02820760 51.155
 176  33.627946 -16.206101   120.200   120.113 17 56402.94385068 52.358
 177  33.635695 -16.217644   120.674   120.713  8 56412.85949283 25.870
 178  33.647424 -16.235863   118.930   118.923  7 56422.77513168 50.380
 179  33.647544 -16.236166   119.025   119.022  8 56432.69077361 50.647
 180  33.635330 -16.217951   119.913   119.927  9 56442.60642102 49.962
 181  33.627162 -16.205238   120.484   120.401 17 56452.52206753 51.620
 182  33.627063 -16.205258   120.356   120.144 17 56462.43771504 26.904
 183  33.631303 -16.212229   120.069   119.948 11 56472.35336107 48.636
 184  33.635451 -16.217489   119.904   119.928  9 56482.26900332 49.327
 185  33.637448 -16.219313   119.896   119.892  8 56492.18464090 48.553
 187  33.650616 -16.238742   118.875   118.911  8 56512.01591275 51.316
 188  33.650455 -16.237256   119.063   119.106  7 56521.93155844 50.978
 189  33.648369 -16.235902   119.123   119.157  8 56531.84721008 50.261
 191  33.639367 -16.221593   120.872   120.885  6 56551.67849913 42.017
 192  33.635898 -16.218316   121.033   121.034  8 56561.59414072 41.207
 193  33.634694 -16.217193   121.076   121.087  8 56571.50978209 45.581
 194  33.637051 -16.218823   121.033   121.017  8 56581.42542295 46.878
 195  33.648991 -16.236755   119.585   119.585  8 56591.34106388 49.280
 196  33.648022 -16.235833   119.263   119.265  8 56601.25671282 32.748
 197  33.637332 -16.217021   119.833   120.071  7 56611.17235845 49.855
 198  33.635173 -16.217494   120.169   120.316  8 56621.08800391 26.719
 199  33.634377 -16.217231   119.682   119.711  9 56631.00364615 29.802
 200  33.638881 -16.221803   120.174   120.158  9 56640.91928581 48.836
 201  33.644193 -16.232512   119.584   119.505  8 56650.83493577 47.870
 202  33.638481 -16.221425   119.902   119.877  9 56660.75058330 49.641
 203  33.634774 -16.217127   120.191   120.173  8 56670.66622926 46.901
 205  33.631627 -16.213413   120.535   120.472 11 56690.49751739 47.851
 206  33.636030 -16.218172   120.560   120.545  9 56700.41315930 45.587
 207  33.646985 -16.236080   165.675   165.672  7 56710.32879973 23.530
 208  33.646775 -16.236644   119.331   119.339  7 56720.24444273 33.030
 211  33.622372 -16.197764   120.794   120.763 20 56749.99137742 50.467
 212  33.630045 -16.209671   120.408   120.264 13 56759.90701937 50.738
 213  33.645272 -16.234209   119.235   119.143  8 56769.82265808 50.422
 214  33.638090 -16.220386   119.646   119.660  9 56779.73830500 48.818
 215  33.629156 -16.208491   120.311   120.198 14 56789.65395680 49.601
 216  33.617534 -16.189675   121.935   121.849 19 56799.56960387 24.701
 217  33.614456 -16.184900   121.141   121.146 20 56809.48524834 49.016
 219  33.631572 -16.213231   120.069   120.018 11 56829.31653294 44.046
 221  33.649733 -16.238269   118.877   118.884  8 56849.14780557 46.784
 222  33.639040 -16.222119   119.537   119.514  9 56859.06345549 32.476
 223  33.634133 -16.216583   120.043   120.051  8 56868.97910695 47.637
 224  33.631391 -16.212535   120.149   120.047 11 56878.89475655 50.713
 225  33.629085 -16.208293   120.294   120.227 15 56888.81040276 50.795
 226  33.626349 -16.203977   120.519   120.525 18 56898.72604623 51.556
 227  33.622732 -16.198885   120.667   120.646 21 56908.64168724 40.690
 228  33.621569 -16.196659   120.776   120.786 20 56918.55732750 50.824
 229  33.626975 -16.204946   120.642   120.605 17 56928.47296869 47.728
 230  33.636431 -16.217812   119.981   119.987  9 56938.38860717 50.540
 231  33.648638 -16.236534   118.959   118.934  8 56948.30424612 24.089
 232  33.642999 -16.230286   119.486   119.382  9 56958.21989804 28.738
 233  33.635037 -16.217250   120.338   120.307  8 56968.13554293 34.388
 234  33.633958 -16.216659   175.943   173.289  8 56978.05118680  7.676
 235  33.636026 -16.217963   120.243   120.230  9 56987.96682666 32.635
 236  33.648169 -16.236681   119.756   119.752  7 56997.88246471 28.538
 237  33.647790 -16.236039   120.038   120.044  8 57007.79811260 52.721
 238  33.639556 -16.222238   119.858   119.862  6 57017.71376234 49.485
 239  33.635093 -16.217579   180.116   176.666  9 57027.62941119 17.336
 240  33.631697 -16.213576   121.222   121.177 11 57037.54505879 51.445
 241  33.631287 -16.212473   120.940   120.857 11 57047.46070488 47.354
 242  33.634884 -16.216977   169.810   167.240  8 57057.37634885 22.143
 243  33.639193 -16.221747   120.154   120.169  6 57067.29198738 48.164
 244  33.646930 -16.236376   119.907   119.947  7 57077.20762382 49.689
 245  33.649838 -16.237988   178.823   180.614  8 57087.12325607 21.224
 246  33.636271 -16.217734   119.845   119.824  9 57097.03890952 51.210
 247  33.630576 -16.211318   120.068   119.977 13 57106.95456338 50.894
 248  33.629657 -16.209285   169.733   165.505 14 57116.87021350 21.760
 249  33.631991 -16.213428   120.292   120.227 11 57126.78585893 51.064
 250  33.634270 -16.217273   120.100   120.094  8 57136.70149886 49.827
