#    2.172  -0.027   0.749 ;Mean Elev.(m), Avg Gradient(m/km), RMS Gradient(m/km) - SRTM1     
#   12.170  -0.169   1.292 ;Mean Elev.(m), Avg Gradient(m/km), RMS Gradient(m/km) - ASTER GDEM
#    2.426  -0.017   0.845 ;Mean Elev.(m), Avg Gradient(m/km), RMS Gradient(m/km) - GMTED2010 
   1  36.273357 -18.609741     1.028     0.947  3 54659.22687854 34.108
   2  36.271437 -18.608384     1.826     1.533  3 54669.14252456 28.689
   3  36.270289 -18.609162   -86.211   -86.204  3 54679.05816799  1.539
   4  36.272070 -18.609452     1.376     0.995  3 54688.97381056 22.122
   5  36.275725 -18.609616   -72.804   -81.503  3 54698.88945128  3.261
   6  36.276578 -18.610890     1.721     1.721  2 54708.80509430 25.095
   7  36.273199 -18.610213   -11.099    -2.122  3 54718.72074548 14.184
   8  36.268971 -18.609208     1.821     1.782  3 54728.63639433 22.703
   9  36.266418 -18.606258     2.075     1.982  3 54738.55204257 21.672
  10  36.265211 -18.605188     1.245     1.206  3 54748.46769058 19.497
  11  36.265262 -18.604507     1.731     1.754  3 54758.38333833 20.436
  12  36.265692 -18.605733     1.444     1.479  4 54768.29898353 39.931
  13  36.266385 -18.606630     0.490     0.500  3 54778.21462536 30.181
  14  36.267248 -18.605907     1.025     1.030  3 54788.13026491 47.084
  15  36.267168 -18.607868     1.467     1.493  3 54798.04590253 30.981
  17  36.273003 -18.609941     2.225     2.225  2 54817.87717771 28.230
  18  36.272495 -18.609605     2.205     2.184  3 54827.79282812 22.263
  19  36.269712 -18.608183     1.843     1.797  3 54837.70846729 37.558
  20  36.266216 -18.606452     2.313     2.314  3 54847.62411696 21.950
  21  36.264391 -18.604492     2.302     2.323  3 54857.53976651 49.359
  22  36.264123 -18.603662     2.086     2.062  3 54867.45541607 19.213
  23  36.264036 -18.604677     2.034     2.025  3 54877.37106458 30.781
  24  36.264690 -18.604988     2.259     2.127  3 54887.28671012 20.991
  25  36.263944 -18.603964     1.516     1.554  3 54897.20235219 39.247
  26  36.262499 -18.603216     1.667     1.576  3 54907.11799119 46.636
  27  36.262832 -18.602963     2.108     2.320  3 54917.03362869 42.613
  28  36.264580 -18.604663     1.615     1.603  3 54926.94926572 47.873
  29  36.267435 -18.607296     1.830     1.872  3 54936.86490203 45.024
  30  36.270832 -18.609434     2.129     1.900  3 54946.78053668 35.738
  31  36.274287 -18.610067     1.500     1.500  2 54956.69616984 39.834
  32  36.271706 -18.609639     1.103     0.443  3 54966.61181812 35.156
  33  36.269536 -18.609032     1.786     1.841  3 54976.52746574 28.404
  34  36.269007 -18.607606     1.820     1.692  3 54986.44311374 20.466
  35  36.269449 -18.607285     2.052     1.908  3 54996.35876169 46.058
  36  36.269312 -18.607918     1.681     1.539  3 55006.27440770 30.332
  37  36.268956 -18.607133     1.145     1.070  3 55016.19005154 47.381
  38  36.267919 -18.607100     0.969     0.910  4 55026.10569358 46.958
  39  36.267816 -18.606926     0.913     0.948  3 55036.02133508 47.362
  40  36.268882 -18.609314     0.727     0.642  3 55045.93697534 35.149
  41  36.272607 -18.609413     1.695     1.627  3 55055.85261451 20.207
  42  36.274814 -18.610507     3.221     3.221  2 55065.76825118 39.370
  43  36.271603 -18.610124     1.372     1.298  3 55075.68389957 24.580
  44  36.267776 -18.608175     0.761     0.885  3 55085.59954761 29.650
  45  36.265689 -18.605964     1.673     1.954  3 55095.51519456 29.276
  46  36.265201 -18.605737     0.781     0.766  3 55105.43084110 29.872
  47  36.265715 -18.605783     1.730     1.742  3 55115.34648743 19.042
  48  36.266351 -18.606032     2.646     2.559  3 55125.26213129 41.774
  49  36.266582 -18.606680     1.819     1.822  3 55135.17777227 21.651
  50  36.267104 -18.606484     0.659     0.655  3 55145.09341107 36.507
  51  36.267951 -18.607090     0.503     0.494  4 55155.00904880 37.991
  52  36.269019 -18.609366     0.972     0.700  3 55164.92468646 25.246
  53  36.271646 -18.610455     1.602     1.613  3 55174.84032427 20.014
  54  36.274153 -18.610021     2.170     2.170  2 55184.75596460 21.283
  55  36.271717 -18.608293     0.966     0.960  3 55194.67161611 19.234
  56  36.268004 -18.607567     0.886     0.686  4 55204.58726620 28.554
  57  36.265905 -18.606530     1.051     0.771  3 55214.50291601 28.425
  58  36.265425 -18.604974     0.676     0.674  4 55224.41856555 29.526
  59  36.264958 -18.605016     1.963     1.946  4 55234.33421298 21.601
  60  36.265027 -18.605202     2.588     2.595  3 55244.24985696 30.724
  61  36.264251 -18.604338     2.563     2.607  3 55254.16549780 36.476
  62  36.263430 -18.603371     2.324     2.333  3 55264.08113644 40.760
  63  36.264029 -18.604372     2.439     2.422  3 55273.99677361 48.963
  64  36.266299 -18.606848     1.614     1.636  4 55283.91241010 46.947
  65  36.269585 -18.608971     2.083     1.895  3 55293.82804529 34.821
  66  36.271661 -18.609710     2.473     2.504  3 55303.74368207 33.350
  67  36.269673 -18.608549     2.805     2.861  3 55313.65932931 37.275
  68  36.268470 -18.607589     1.832     1.637  4 55323.57497474 32.718
  69  36.268218 -18.607242     2.223     2.202  4 55333.49061905 24.754
  70  36.267935 -18.608431     1.598     1.614  3 55343.40626286 46.391
  71  36.268877 -18.607363     2.163     2.059  3 55353.32190679 48.992
  72  36.269532 -18.607565     2.514     2.433  3 55363.23754813 26.602
  73  36.270026 -18.608218     2.502     2.501  3 55373.15318732 43.778
  74  36.271325 -18.608708     2.172     2.116  3 55383.06882512 47.426
  75  36.272963 -18.609675     2.283     2.283  2 55392.98446195 48.029
  76  36.275999 -18.610523     0.782     0.782  2 55402.90009737 45.076
  77  36.273910 -18.610055     1.719     1.719  2 55412.81574872 41.882
  78  36.271633 -18.608383     2.443     2.375  3 55422.73139769 33.191
  79  36.268895 -18.607871     2.189     2.195  3 55432.64704394 26.751
  80  36.266609 -18.607194     1.444     1.575  3 55442.56268871 26.624
  81  36.266306 -18.606113     1.440     1.504  4 55452.47833250 28.404
  82  36.267286 -18.607018     1.107     1.132  4 55462.39397526 27.003
  83  36.268826 -18.608137     0.602     0.589  3 55472.30961624 28.050
  84  36.269657 -18.609667     2.014     2.000  3 55482.22525413 28.532
  85  36.270774 -18.608920     2.182     2.220  3 55492.14089011 25.852
  86  36.272516 -18.609513     1.971     1.971  2 55502.05652394 45.853
  87  36.272475 -18.608787     0.685     0.661  3 55511.97216896 29.776
  88  36.271741 -18.608051     0.712     0.594  3 55521.88781853 46.637
  89  36.270361 -18.608521     0.565     0.360  3 55531.80346652 42.790
  90  36.268820 -18.608389     1.678     1.685  3 55541.71911320 23.923
  91  36.268085 -18.606628     2.464     2.482  3 55551.63475841 22.588
  92  36.266940 -18.606799     2.219     2.158  4 55561.55040199 21.655
  93  36.267714 -18.606825     1.170     1.197  4 55571.46604513 42.339
  94  36.268312 -18.608962     1.616     1.612  3 55581.38168667 40.629
  95  36.269339 -18.609662     1.970     1.668  3 55591.29732533 32.663
  96  36.271152 -18.608500     2.579     2.567  3 55601.21296100 33.792
  97  36.272087 -18.609398     3.160     3.160  2 55611.12859371 43.259
  98  36.273871 -18.610826     2.177     2.246  3 55621.04422538 42.860
  99  36.271897 -18.608962     1.330     1.352  3 55630.95987796 50.334
 100  36.271424 -18.608178     2.084     2.068  3 55640.87552840 46.554
 101  36.270496 -18.609020     1.079     0.846  3 55650.79117587 46.837
 102  36.269609 -18.607342     2.498     2.625  3 55660.70682032 27.864
 103  36.267629 -18.608097     2.684     2.712  3 55670.62246101 27.700
 104  36.268094 -18.607405     2.407     2.413  3 55680.53810067 21.848
 105  36.270924 -18.607952     0.911     0.935  3 55690.45373856 29.787
 106  36.274037 -18.609879     1.069     1.016  3 55700.36937450 43.229
 107  36.275386 -18.610880     0.748     0.731  3 55710.28501412 44.478
 108  36.272673 -18.609440     1.111     1.111  2 55720.20066411 27.200
 109  36.270146 -18.608214     2.282     2.105  3 55730.11631168 44.267
 110  36.269475 -18.607122     1.973     1.977  3 55740.03195785 48.964
 111  36.269395 -18.607848     1.563     1.647  3 55749.94760244 37.135
 112  36.270657 -18.607644     1.385     1.318  3 55759.86324499 51.161
 113  36.271157 -18.608858     0.938     1.008  3 55769.77888443 42.443
 114  36.271351 -18.609276     1.194     1.194  2 55779.69452090 36.261
 115  36.272144 -18.609627     1.776     1.772  3 55789.61015515 24.361
 116  36.274416 -18.610136     1.763     1.763  2 55799.52578865 23.771
 117  36.273595 -18.610325     0.963     0.963  2 55809.44143590 31.817
 118  36.273496 -18.609895     0.973     0.973  2 55819.35708535 28.165
 119  36.273735 -18.610283     0.735     0.735  2 55829.27273023 27.510
 120  36.273350 -18.610501     1.153     1.165  3 55839.18837050 42.093
 121  36.272783 -18.609986     1.891     1.861  3 55849.10400765 44.250
 122  36.274014 -18.610085     2.226     2.251  3 55859.01964255 26.971
 123  36.273310 -18.609771     1.431     1.461  3 55868.93529088 36.099
 133  36.267178 -18.606382     1.827     1.782  4 55968.09173722 45.489
 134  36.268595 -18.607744     1.690     1.529  3 55978.00737343 37.507
 135  36.271880 -18.609415     2.143     2.257  3 55987.92300902 44.416
 136  36.274447 -18.610399     2.606     2.555  3 55997.83864855 33.437
 137  36.272735 -18.609324     2.595     2.534  3 56007.75429949 30.085
 138  36.269947 -18.609192     1.434     0.951  3 56017.66994611 31.037
 139  36.267515 -18.608000     2.312     2.433  3 56027.58559027 27.510
 141  36.268481 -18.608666     1.362     1.355  3 56047.41687363 34.380
 142  36.271858 -18.609396     1.646     1.646  2 56057.33251161 47.233
 143  36.275909 -18.610796     1.271     1.271  2 56067.24814508 39.104
 144  36.273306 -18.610115     0.795     0.524  3 56077.16379379 46.482
 145  36.269767 -18.609616     0.417     0.449  3 56087.07944194 45.697
 146  36.268560 -18.608883     0.716     0.716  3 56096.99508772 44.571
 147  36.269756 -18.607753     1.726     1.527  3 56106.91073167 51.722
 148  36.270419 -18.610204     1.896     1.860  3 56116.82636047 21.842
 149  36.272349 -18.610502     2.000     1.939  3 56126.74199780 31.888
 150  36.273856 -18.610572     0.780     0.577  3 56136.65763153 39.191
 151  36.272012 -18.610349     0.370     0.372  3 56146.57327561 33.642
 152  36.270268 -18.609174     0.785     0.715  3 56156.48892546 27.611
 153  36.269723 -18.609106     0.929     0.941  3 56166.40457433 23.507
 154  36.270022 -18.609192     1.712     1.732  3 56176.32022086 19.186
 155  36.270635 -18.609895     1.256     1.887  3 56186.23586229 23.331
 156  36.271302 -18.609133     1.080     1.123  3 56196.15150007 27.003
 157  36.271803 -18.609982     0.313     0.252  3 56206.06713432 31.040
 158  36.274226 -18.610353     0.669     0.669  2 56215.98276715 39.107
 159  36.276501 -18.610639     0.651     0.661  3 56225.89840691 44.701
 160  36.275100 -18.610135     1.656     1.656  2 56235.81406199 20.142
 161  36.273124 -18.610100     1.761     1.761  2 56245.72971322 27.974
 162  36.270882 -18.610215     1.230     1.180  3 56255.64535957 25.141
 163  36.269929 -18.609228     0.684     0.616  3 56265.56100261 29.580
 164  36.270252 -18.607676     0.514     0.460  3 56275.47664435 34.764
 165  36.269156 -18.609023     0.702     0.731  3 56285.39229051 47.815
 166  36.268534 -18.606904     2.281     2.307  3 56295.30794205 24.355
 167  36.267126 -18.606048     2.572     2.571  3 56305.22358896 23.791
 168  36.265688 -18.606170     2.871     2.878  4 56315.13923182 40.184
 169  36.265717 -18.606067     2.331     2.230  3 56325.05487262 49.402
 170  36.267463 -18.606834     1.610     1.433  3 56334.97051237 49.406
 171  36.269966 -18.608420     2.367     2.454  3 56344.88615106 28.686
 172  36.272698 -18.609548     2.437     2.437  2 56354.80178754 44.044
 173  36.271324 -18.609987     2.901     2.916  3 56364.71743210 40.503
 174  36.268792 -18.607982     2.233     2.220  3 56374.63308117 24.867
 176  36.266620 -18.606648     1.133     0.921  4 56394.46437155 25.051
 177  36.268091 -18.607401     0.625     0.559  4 56404.38001367 50.412
 178  36.270690 -18.607920     2.078     2.016  3 56414.29565285 20.865
 179  36.273706 -18.610046     2.302     2.334  3 56424.21128662 45.633
 180  36.272692 -18.609502     1.624     1.601  3 56434.12693198 46.827
 181  36.269205 -18.607474     0.865     0.770  3 56444.04258368 50.691
 182  36.266971 -18.607542     0.713     0.773  3 56453.95823244 30.787
 183  36.266856 -18.606713     0.641     0.546  3 56463.87387883 48.511
 184  36.267418 -18.606689     1.642     1.761  3 56473.78952171 45.180
 185  36.268174 -18.607537     2.533     2.399  3 56483.70516120 29.061
 187  36.271107 -18.610152     0.881     0.915  3 56503.53643211 28.729
 188  36.275992 -18.610207     0.325     0.325  2 56513.45206571 33.047
 189  36.275260 -18.610658     0.345     0.345  2 56523.36771553 30.086
 190  36.272925 -18.609869     1.875     1.875  2 56533.28336773 18.557
 192  36.268619 -18.607620     2.774     2.873  3 56553.11466082 45.840
 193  36.268406 -18.607475     1.355     1.327  3 56563.03030331 48.519
 194  36.269850 -18.607868     1.699     1.574  3 56572.94594453 49.538
 195  36.272248 -18.609374     1.789     1.789  2 56582.86158358 48.558
 196  36.276343 -18.609862     1.823     1.785  3 56592.77721859 44.641
 197  36.272938 -18.610562     2.321     2.353  3 56602.69286969 29.819
 198  36.270245 -18.608724     2.115     2.109  4 56612.60851943 24.134
 199  36.269290 -18.608042     0.938     0.925  3 56622.52416504 31.373
 200  36.269843 -18.607121     0.977     0.921  3 56632.43980802 28.822
 201  36.271355 -18.609185     0.541     0.541  2 56642.35544608 49.032
 202  36.269669 -18.608435     1.329     1.303  4 56652.27109648 24.854
 203  36.267277 -18.606820     2.077     2.012  3 56662.18674670 23.958
 204  36.265716 -18.605545     2.014     2.007  3 56672.10239368 23.206
 205  36.265475 -18.606083     1.209     1.170  3 56682.01803845 44.713
 206  36.267365 -18.606657     1.936     1.898  3 56691.93368125 44.747
 207  36.270441 -18.607930     1.682     1.645  3 56701.84932010 43.106
 208  36.272855 -18.609739     2.443     2.550  3 56711.76495387 33.216
 209  36.270704 -18.608462     2.527     2.536  3 56721.68059920 28.054
 210  36.266973 -18.606125     2.490     2.488  4 56731.59625104 32.651
 211  36.265530 -18.605811     2.044     2.056  3 56741.51189913 21.166
 212  36.266865 -18.606409     1.645     1.450  4 56751.42754300 49.574
 213  36.269755 -18.608820     1.144     1.123  3 56761.34318140 43.398
 214  36.274049 -18.609498     0.616     0.637  3 56771.25881345 34.128
 215  36.269778 -18.607954     1.553     1.535  3 56781.17446804 31.645
 216  36.265708 -18.605962     2.774     2.459  3 56791.09012237 42.459
 217  36.263700 -18.602977     2.181     2.008  3 56801.00577384 45.437
 218  36.263761 -18.604671     1.239     1.118  3 56810.92141746 48.377
 219  36.265692 -18.605832     1.263     1.265  4 56820.83705679 46.246
 220  36.268052 -18.607205     0.627     0.562  3 56830.75269214 49.975
 221  36.270601 -18.608755     2.055     1.722  3 56840.66832438 33.918
 222  36.272126 -18.609964     2.196     2.129  3 56850.58395991 26.032
 223  36.269655 -18.608265     1.771     1.822  3 56860.49961461 21.757
 224  36.268249 -18.608594     1.125     1.142  3 56870.41526835 43.287
 225  36.267956 -18.607659     1.734     1.542  4 56880.33091973 49.304
 226  36.266888 -18.606639     0.713     0.644  3 56890.24656736 32.695
 227  36.264825 -18.605577     1.748     1.673  3 56900.16221185 33.331
 228  36.263653 -18.604111     1.908     1.892  3 56910.07785419 36.187
 229  36.265049 -18.604349     1.668     1.630  4 56919.99349463 19.161
 230  36.268554 -18.606694     1.145     1.130  3 56929.90913273 34.688
 231  36.272777 -18.609991     2.276     2.276  2 56939.82476608 22.032
 232  36.275191 -18.611049     0.945     0.928  3 56949.74040320 36.041
 233  36.271213 -18.609473     1.736     1.762  3 56959.65605560 23.264
 234  36.268242 -18.608037     1.743     1.788  3 56969.57170322 23.500
 235  36.267775 -18.608349     1.826     1.900  3 56979.48734704 19.895
 236  36.270273 -18.608294     1.981     2.004  3 56989.40298683 20.087
 237  36.274422 -18.609918     1.705     1.705  2 56999.31862008 23.997
 238  36.271892 -18.609000     1.574     1.492  3 57009.23427289 48.217
 239  36.268699 -18.607008     1.211     1.179  3 57019.14992592 45.345
 240  36.266319 -18.606294     2.012     2.041  3 57029.06557538 22.071
 241  36.265907 -18.606077     3.045     3.048  4 57038.98122299 50.610
 242  36.266860 -18.607539     2.919     2.917  3 57048.89686797 49.480
 243  36.269688 -18.607724     3.064     3.010  3 57058.81250951 49.014
 244  36.271403 -18.609727     2.644     2.638  3 57068.72814499 32.942
 245  36.273000 -18.610043     2.748     2.748  2 57078.64377676 32.617
 246  36.273826 -18.610055     2.675     2.675  2 57088.55941256 28.589
 247  36.269794 -18.608653     2.315     2.161  3 57098.47507126 52.175
 248  36.268553 -18.607292     2.283     2.378  3 57108.39072717 22.410
 249  36.269168 -18.606894     1.979     1.842  3 57118.30637777 46.269
 250  36.268424 -18.608581     1.505     1.422  3 57128.22202152 44.068
