#    2.002  -0.269   1.114 ;Mean Elev.(m), Avg Gradient(m/km), RMS Gradient(m/km) - SRTM1     
#   12.948   0.304   1.189 ;Mean Elev.(m), Avg Gradient(m/km), RMS Gradient(m/km) - ASTER GDEM
#    2.467  -0.276   1.092 ;Mean Elev.(m), Avg Gradient(m/km), RMS Gradient(m/km) - GMTED2010 
   1     1.634 54659.22685256 31.18  36.228637 -18.718440   -100 -100.00 -100.00 -100.00
   1     1.664 54659.22685316 32.86  36.229654 -18.715970   -100 -100.00 -100.00 -100.00
   2     2.041 54669.14249917 41.76  36.227735 -18.714610   -100 -100.00 -100.00 -100.00
   2     1.876 54669.14249976 46.18  36.228752 -18.712140   -100 -100.00 -100.00 -100.00
   4     0.496 54688.97378518 29.43  36.228375 -18.715676   -100 -100.00 -100.00 -100.00
   4     0.815 54688.97378577 27.88  36.229391 -18.713206 32.530 -100.00 -100.00 -100.00
   5   -41.863 54698.88942471 21.55  36.229997 -18.720780 11.934 -100.00 -100.00 -100.00
   5   -48.025 54698.88942530 26.68  36.231014 -18.718310 15.405 -100.00 -100.00 -100.00
   5   -56.561 54698.88942589 28.27  36.232031 -18.715840   -100 -100.00 -100.00 -100.00
   6     0.365 54708.80506802 39.77  36.231356 -18.720818  2.665 -100.00 -100.00 -100.00
   6     0.391 54708.80506861 39.62  36.232373 -18.718348   -100 -100.00 -100.00 -100.00
   7   -38.829 54718.72071950  7.41  36.228481 -18.718906  2.145 -100.00 -100.00 -100.00
   7   -40.656 54718.72072009  8.32  36.229498 -18.716436  4.076 -100.00 -100.00 -100.00
   7   -42.899 54718.72072068  7.45  36.230515 -18.713966  3.010 -100.00 -100.00 -100.00
   8     2.407 54728.63636954 31.69  36.226282 -18.712960 22.201 -100.00 -100.00 -100.00
   8     2.072 54728.63637013 32.45  36.227300 -18.710490 27.050 -100.00 -100.00 -100.00
   9     2.043 54738.55201837 35.16  36.224747 -18.707540   -100 -100.00 -100.00 -100.00
   9     1.691 54738.55201896 36.91  36.225764 -18.705070   -100 -100.00 -100.00 -100.00
   9     1.642 54738.55201955 37.07  36.226781 -18.702600   -100 -100.00 -100.00 -100.00
  12     2.080 54768.29895962 33.29  36.224535 -18.705782 26.408 -100.00 -100.00 -100.00
  12     1.915 54768.29896021 33.94  36.225552 -18.703312 32.000 -100.00 -100.00 -100.00
  12     1.951 54768.29896080 33.08  36.226569 -18.700842 28.903 -100.00 -100.00 -100.00
  13    -0.043 54778.21460116 32.92  36.224717 -18.707912   -100 -100.00 -100.00 -100.00
  13     0.087 54778.21460175 34.14  36.225734 -18.705441   -100 -100.00 -100.00 -100.00
  13    -0.252 54778.21460234 33.55  36.226751 -18.702971   -100 -100.00 -100.00 -100.00
  14     2.272 54788.13024012 40.77  36.224560 -18.709657 17.613 -100.00 -100.00 -100.00
  14     1.543 54788.13024071 42.67  36.225578 -18.707187   -100 -100.00 -100.00 -100.00
  14     1.223 54788.13024130 50.07  36.226595 -18.704717   -100 -100.00 -100.00 -100.00
  15     2.351 54798.04587832 39.76  36.225496 -18.709149 20.555 -100.00 -100.00 -100.00
  15     1.474 54798.04587891 46.07  36.226513 -18.706679 15.972 -100.00 -100.00 -100.00
  17     2.138 54817.87715203 32.13  36.228789 -18.717404 22.302 -100.00 -100.00 -100.00
  17     1.542 54817.87715262 37.16  36.229806 -18.714933   -100 -100.00 -100.00 -100.00
  18     2.081 54827.79280273 33.33  36.228791 -18.715837 29.221 -100.00 -100.00 -100.00
  18     1.535 54827.79280332 38.44  36.229808 -18.713366   -100 -100.00 -100.00 -100.00
  20     2.174 54847.62409275 30.07  36.224545 -18.707750 22.845 -100.00 -100.00 -100.00
  20     1.718 54847.62409334 31.15  36.225563 -18.705279 31.200 -100.00 -100.00 -100.00
  20     1.796 54847.62409393 30.71  36.226580 -18.702809 25.232 -100.00 -100.00 -100.00
  23     0.950 54877.37104156 36.01  36.224401 -18.701039   -100 -100.00 -100.00 -100.00
  23     1.828 54877.37104215 33.54  36.225418 -18.698568 30.622 -100.00 -100.00 -100.00
  26     0.669 54907.11796816 48.65  36.222858 -18.699572   -100 -100.00 -100.00 -100.00
  26     0.541 54907.11796875 37.42  36.223875 -18.697101 10.420 -100.00 -100.00 -100.00
  27     1.279 54917.03360566 37.40  36.223192 -18.699319   -100 -100.00 -100.00 -100.00
  27     1.188 54917.03360625 36.88  36.224209 -18.696848   -100 -100.00 -100.00 -100.00
  29     1.434 54936.86487782 42.75  36.225759 -18.708594 29.762 -100.00 -100.00 -100.00
  29     0.801 54936.86487841 49.31  36.226776 -18.706124   -100 -100.00 -100.00 -100.00
  30     1.187 54946.78051129 44.84  36.227119 -18.715674   -100 -100.00 -100.00 -100.00
  30     1.085 54946.78051188 48.14  36.228136 -18.713203 20.624 -100.00 -100.00 -100.00
  31     2.326 54956.69614357 37.78  36.229046 -18.720013   -100 -100.00 -100.00 -100.00
  31     0.134 54956.69614416 39.40  36.230063 -18.717542   -100 -100.00 -100.00 -100.00
  31     1.681 54956.69614475 35.60  36.231081 -18.715072   -100 -100.00 -100.00 -100.00
  32     0.280 54966.61179273 40.89  36.227989 -18.715878  0.281 -100.00 -100.00 -100.00
  32     1.777 54966.61179332 33.42  36.229007 -18.713407   -100 -100.00 -100.00 -100.00
  33     0.811 54976.52744095 40.95  36.226839 -18.712800  5.638 -100.00 -100.00 -100.00
  33     0.640 54976.52744154 41.94  36.227856 -18.710330  6.406 -100.00 -100.00 -100.00
  34   -64.324 54986.44308894  4.21  36.226313 -18.711374  2.545 -100.00 -100.00 -100.00
  34   -66.481 54986.44308953  2.05  36.227330 -18.708903  2.539 -100.00 -100.00 -100.00
  37     0.281 55016.19002674 40.93  36.226271 -18.710894   -100 -100.00 -100.00 -100.00
  37     0.862 55016.19002733 45.11  36.227288 -18.708424   -100 -100.00 -100.00 -100.00
  38    -0.093 55026.10566908 34.21  36.225745 -18.709623   -100 -100.00 -100.00 -100.00
  38    -0.028 55026.10566967 35.07  36.226762 -18.707153   -100 -100.00 -100.00 -100.00
  39     0.158 55036.02131028 42.62  36.225136 -18.710684   -100 -100.00 -100.00 -100.00
  39    -0.165 55036.02131087 43.01  36.226153 -18.708214  7.026 -100.00 -100.00 -100.00
  39     0.185 55036.02131146 47.07  36.227169 -18.705744   -100 -100.00 -100.00 -100.00
  40     0.318 55045.93695054 31.76  36.226202 -18.713070   -100 -100.00 -100.00 -100.00
  40     0.478 55045.93695113 34.79  36.227219 -18.710600   -100 -100.00 -100.00 -100.00
  41     1.020 55055.85258912 35.73  36.228908 -18.715639   -100 -100.00 -100.00 -100.00
  41     1.175 55055.85258971 36.73  36.229925 -18.713169   -100 -100.00 -100.00 -100.00
  42     2.242 55065.76822491 45.80  36.229585 -18.720436   -100 -100.00 -100.00 -100.00
  42     1.879 55065.76822550 50.33  36.230602 -18.717966 23.009 -100.00 -100.00 -100.00
  42     1.893 55065.76822609 51.35  36.231619 -18.715496   -100 -100.00 -100.00 -100.00
  43     0.760 55075.68387419 32.92  36.227896 -18.716348 16.715 -100.00 -100.00 -100.00
  43     0.918 55075.68387478 38.47  36.228913 -18.713878   -100 -100.00 -100.00 -100.00
  44     2.113 55085.59952340 26.83  36.226104 -18.709459 20.060 -100.00 -100.00 -100.00
  44     1.833 55085.59952399 28.33  36.227121 -18.706989 25.051 -100.00 -100.00 -100.00
  45     2.174 55095.51517035 32.69  36.224019 -18.707250 25.828 -100.00 -100.00 -100.00
  45     1.779 55095.51517094 34.19  36.225036 -18.704779   -100 -100.00 -100.00 -100.00
  45     1.863 55095.51517154 32.99  36.226053 -18.702309   -100 -100.00 -100.00 -100.00
  46     0.434 55105.43081749 31.37  36.224550 -18.704553   -100 -100.00 -100.00 -100.00
  46     0.245 55105.43081808 34.10  36.225567 -18.702082   -100 -100.00 -100.00 -100.00
  47     2.046 55115.34646322 30.17  36.224047 -18.707067 26.738 -100.00 -100.00 -100.00
  47     1.925 55115.34646381 28.56  36.225064 -18.704597 23.108 -100.00 -100.00 -100.00
  47     1.690 55115.34646440 29.72  36.226081 -18.702126 26.906 -100.00 -100.00 -100.00
  48     1.783 55125.26210709 47.02  36.224681 -18.707314  1.466 -100.00 -100.00 -100.00
  48     1.796 55125.26210768 49.12  36.225698 -18.704844  5.670 -100.00 -100.00 -100.00
  48     1.894 55125.26210827 47.71  36.226715 -18.702374   -100 -100.00 -100.00 -100.00
  49     0.760 55135.17774806 37.99  36.224911 -18.707960   -100 -100.00 -100.00 -100.00
  49     1.627 55135.17774865 37.58  36.225928 -18.705490   -100 -100.00 -100.00 -100.00
  49     2.071 55135.17774924 36.38  36.226945 -18.703020   -100 -100.00 -100.00 -100.00
  50     0.021 55145.09338687 38.64  36.225433 -18.707765   -100 -100.00 -100.00 -100.00
  50    -0.258 55145.09338746 40.03  36.226450 -18.705295 11.166 -100.00 -100.00 -100.00
  51    -0.115 55155.00902430 43.90  36.225773 -18.709607   -100 -100.00 -100.00 -100.00
  51     0.429 55155.00902489 45.94  36.226790 -18.707137 30.499 -100.00 -100.00 -100.00
  52     1.359 55164.92466166 36.96  36.226332 -18.713121 22.081 -100.00 -100.00 -100.00
  52     1.451 55164.92466225 39.93  36.227349 -18.710651 24.064 -100.00 -100.00 -100.00
  53     1.497 55174.84029889 30.98  36.227942 -18.716684 26.694 -100.00 -100.00 -100.00
  53     1.490 55174.84029948 30.19  36.228959 -18.714214 21.984 -100.00 -100.00 -100.00
  54     2.051 55184.75593892 34.06  36.229939 -18.717488 32.742 -100.00 -100.00 -100.00
  54     2.248 55184.75593951 37.53  36.230956 -18.715018   -100 -100.00 -100.00 -100.00
  55     0.559 55194.67159073 29.70  36.228011 -18.714529   -100 -100.00 -100.00 -100.00
  55     0.381 55194.67159132 32.54  36.229029 -18.712058   -100 -100.00 -100.00 -100.00
  56     2.332 55204.58724170 30.89  36.225825 -18.710100 30.000 -100.00 -100.00 -100.00
  56     1.900 55204.58724229 30.00  36.226842 -18.707629 30.183 -100.00 -100.00 -100.00
  57     2.046 55214.50289180 32.15  36.224236 -18.707831 29.805 -100.00 -100.00 -100.00
  57     1.597 55214.50289239 33.92  36.225253 -18.705361   -100 -100.00 -100.00 -100.00
  57     1.735 55214.50289298 32.93  36.226270 -18.702890   -100 -100.00 -100.00 -100.00
  58    -0.010 55224.41854164 30.93  36.224266 -18.705042   -100 -100.00 -100.00 -100.00
  58    -0.019 55224.41854223 33.15  36.225283 -18.702571   -100 -100.00 -100.00 -100.00
  58    -0.096 55224.41854283 33.73  36.226300 -18.700101   -100 -100.00 -100.00 -100.00
  59     1.690 55234.33418907 32.42  36.223795 -18.705081   -100 -100.00 -100.00 -100.00
  59     0.907 55234.33419025 33.62  36.225829 -18.700140   -100 -100.00 -100.00 -100.00
  63     0.242 55273.99675058 52.40  36.224389 -18.700729 24.352 -100.00 -100.00 -100.00
  63     0.437 55273.99675117 48.78  36.225406 -18.698259 12.592 -100.00 -100.00 -100.00
  64    -0.039 55283.91238560 39.99  36.224116 -18.709383   -100 -100.00 -100.00 -100.00
  64     0.299 55283.91238619 41.80  36.225133 -18.706913 26.398 -100.00 -100.00 -100.00
  64    -0.016 55283.91238678 45.31  36.226150 -18.704442   -100 -100.00 -100.00 -100.00
  65     2.281 55293.82802050 29.56  36.226889 -18.712742 17.670 -100.00 -100.00 -100.00
  65     1.786 55293.82802109 29.92  36.227907 -18.710271 18.708 -100.00 -100.00 -100.00
  66     2.216 55303.74365668 37.29  36.227944 -18.715951   -100 -100.00 -100.00 -100.00
  66     2.229 55303.74365727 36.32  36.228961 -18.713480   -100 -100.00 -100.00 -100.00
  68     2.061 55323.57495024 28.87  36.226279 -18.710125 21.449 -100.00 -100.00 -100.00
  68     1.293 55323.57495083 31.27  36.227296 -18.707655 30.634 -100.00 -100.00 -100.00
  69     2.107 55333.49059455 30.53  36.226032 -18.709779 23.400 -100.00 -100.00 -100.00
  69     2.072 55333.49059514 30.57  36.227049 -18.707308 23.647 -100.00 -100.00 -100.00
  70     1.037 55343.40623865 43.06  36.226260 -18.709731 18.051 -100.00 -100.00 -100.00
  70     0.387 55343.40623924 49.14  36.227277 -18.707260 31.250 -100.00 -100.00 -100.00
  71     1.679 55353.32188199 34.59  36.226188 -18.711131   -100 -100.00 -100.00 -100.00
  71     1.416 55353.32188259 33.33  36.227205 -18.708661   -100 -100.00 -100.00 -100.00
  74     0.358 55383.06879973 40.87  36.227623 -18.714938   -100 -100.00 -100.00 -100.00
  74     0.554 55383.06880032 41.85  36.228641 -18.712468   -100 -100.00 -100.00 -100.00
  75     0.521 55392.98443627 47.30  36.228755 -18.717140   -100 -100.00 -100.00 -100.00
  75     0.254 55392.98443686 50.52  36.229772 -18.714669 23.402 -100.00 -100.00 -100.00
  76    -0.328 55402.90007110 45.12  36.230775 -18.720457   -100 -100.00 -100.00 -100.00
  76    -0.732 55402.90007169 46.40  36.231792 -18.717987 27.433 -100.00 -100.00 -100.00
  77     0.882 55412.81572304 35.59  36.229699 -18.717517   -100 -100.00 -100.00 -100.00
  77     0.906 55412.81572363 34.27  36.230716 -18.715047   -100 -100.00 -100.00 -100.00
  78     2.779 55422.73137230 48.31  36.227927 -18.714607   -100 -100.00 -100.00 -100.00
  78     2.617 55422.73137289 51.53  36.228944 -18.712137   -100 -100.00 -100.00 -100.00
  79     2.149 55432.64701915 38.69  36.226202 -18.711624   -100 -100.00 -100.00 -100.00
  79     2.172 55432.64701974 37.10  36.227219 -18.709154   -100 -100.00 -100.00 -100.00
  80     1.913 55442.56266450 30.26  36.224935 -18.708478   -100 -100.00 -100.00 -100.00
  80     0.115 55442.56266509 32.02  36.225952 -18.706008   -100 -100.00 -100.00 -100.00
  80     1.637 55442.56266568 28.39  36.226969 -18.703537 30.624 -100.00 -100.00 -100.00
  81     2.315 55452.47830800 33.71  36.224129 -18.708633 28.081 -100.00 -100.00 -100.00
  81     2.001 55452.47830859 33.68  36.225146 -18.706163 25.394 -100.00 -100.00 -100.00
  81     1.856 55452.47830918 34.31  36.226163 -18.703693 31.295 -100.00 -100.00 -100.00
  82     2.114 55462.39395076 33.26  36.225112 -18.709538 28.731 -100.00 -100.00 -100.00
  82     1.903 55462.39395135 34.08  36.226129 -18.707068 28.671 -100.00 -100.00 -100.00
  82     2.142 55462.39395194 33.27  36.227145 -18.704598 26.062 -100.00 -100.00 -100.00
  83     2.024 55472.30959144 32.46  36.226141 -18.711890   -100 -100.00 -100.00 -100.00
  83     1.844 55472.30959203 31.27  36.227158 -18.709420   -100 -100.00 -100.00 -100.00
  84     2.391 55482.22522934 35.17  36.226968 -18.713416   -100 -100.00 -100.00 -100.00
  84     2.086 55482.22522993 38.35  36.227985 -18.710946   -100 -100.00 -100.00 -100.00
  85     2.340 55492.14086473 36.93  36.227066 -18.715137   -100 -100.00 -100.00 -100.00
  85     2.446 55492.14086532 38.45  36.228083 -18.712667   -100 -100.00 -100.00 -100.00
  86     1.328 55502.05649826 45.36  36.228300 -18.716965   -100 -100.00 -100.00 -100.00
  86     1.126 55502.05649885 48.10  36.229318 -18.714495   -100 -100.00 -100.00 -100.00
  87    -0.369 55511.97214299 33.21  36.227756 -18.717477   -100 -100.00 -100.00 -100.00
  87    -0.270 55511.97214358 33.14  36.228773 -18.715007   -100 -100.00 -100.00 -100.00
  87    -0.179 55511.97214417 34.57  36.229790 -18.712537   -100 -100.00 -100.00 -100.00
  88    -0.041 55521.88779314 43.15  36.228042 -18.714275   -100 -100.00 -100.00 -100.00
  88    -0.205 55521.88779373 45.59  36.229059 -18.711805   -100 -100.00 -100.00 -100.00
  89    -0.111 55531.80344113 32.13  36.226662 -18.714748   -100 -100.00 -100.00 -100.00
  89     0.094 55531.80344172 30.84  36.227679 -18.712278 27.843 -100.00 -100.00 -100.00
  90     2.207 55541.71908840 40.20  36.226134 -18.712148   -100 -100.00 -100.00 -100.00
  90     2.389 55541.71908899 39.96  36.227151 -18.709678 28.751 -100.00 -100.00 -100.00
  91     2.311 55551.63473362 40.24  36.225398 -18.710390  5.198 -100.00 -100.00 -100.00
  91     2.460 55551.63473421 36.51  36.226415 -18.707919   -100 -100.00 -100.00 -100.00
  92     1.457 55561.55037749 34.20  36.224762 -18.709329   -100 -100.00 -100.00 -100.00
  92     1.064 55561.55037808 35.65  36.225779 -18.706858   -100 -100.00 -100.00 -100.00
  92     1.015 55561.55037867 33.52  36.226796 -18.704388   -100 -100.00 -100.00 -100.00
  93    -0.032 55571.46602063 41.37  36.225537 -18.709358  7.291 -100.00 -100.00 -100.00
  93    -0.006 55571.46602122 40.03  36.226554 -18.706888  0.299 -100.00 -100.00 -100.00
  95     2.244 55591.29730053 39.80  36.226649 -18.713429  7.797 -100.00 -100.00 -100.00
  95     2.191 55591.29730112 30.21  36.227666 -18.710958 25.600 -100.00 -100.00 -100.00
  96     2.251 55601.21293561 41.35  36.227439 -18.714734   -100 -100.00 -100.00 -100.00
  96     2.127 55601.21293620 35.98  36.228457 -18.712264   -100 -100.00 -100.00 -100.00
  97     3.028 55611.12856802 48.48  36.227862 -18.716867   -100 -100.00 -100.00 -100.00
  97     3.004 55611.12856862 45.61  36.228880 -18.714396   -100 -100.00 -100.00 -100.00
  98     2.176 55621.04419941 46.12  36.229138 -18.719530   -100 -100.00 -100.00 -100.00
  98     1.865 55621.04420000 46.50  36.230155 -18.717059 14.066 -100.00 -100.00 -100.00
  98     1.753 55621.04420059 51.65  36.231173 -18.714589   -100 -100.00 -100.00 -100.00
  99     0.055 55630.95985258 47.38  36.228186 -18.715199  0.525 -100.00 -100.00 -100.00
  99    -0.049 55630.95985317 50.62  36.229204 -18.712728 18.941 -100.00 -100.00 -100.00
 100     0.687 55640.87550302 49.54  36.227715 -18.714418  6.439 -100.00 -100.00 -100.00
 100     0.583 55640.87550361 49.27  36.228733 -18.711947 20.396 -100.00 -100.00 -100.00
 103     2.368 55670.62243680 40.11  36.225944 -18.709396   -100 -100.00 -100.00 -100.00
 103     2.255 55670.62243739 40.94  36.226962 -18.706925   -100 -100.00 -100.00 -100.00
 104     2.058 55680.53807587 31.58  36.225394 -18.711176 32.422 -100.00 -100.00 -100.00
 104     1.888 55680.53807646 32.00  36.226411 -18.708705   -100 -100.00 -100.00 -100.00
 105     2.281 55690.45371317 37.24  36.227212 -18.714194   -100 -100.00 -100.00 -100.00
 105     2.218 55690.45371376 31.52  36.228229 -18.711724 22.516 -100.00 -100.00 -100.00
 106     0.698 55700.36934853 45.30  36.229312 -18.718592 27.816 -100.00 -100.00 -100.00
 106     0.013 55700.36934912 49.76  36.230329 -18.716121 30.560 -100.00 -100.00 -100.00
 107     0.320 55710.28498815 43.38  36.230662 -18.719590 24.514 -100.00 -100.00 -100.00
 107    -0.371 55710.28498874 50.89  36.231679 -18.717120   -100 -100.00 -100.00 -100.00
 108     1.197 55720.20063843 29.74  36.228459 -18.716910 25.285 -100.00 -100.00 -100.00
 108     0.827 55720.20063902 32.77  36.229476 -18.714440   -100 -100.00 -100.00 -100.00
 112     1.158 55759.86321960 44.15  36.226956 -18.713873 27.567 -100.00 -100.00 -100.00
 112     0.942 55759.86322019 46.52  36.227973 -18.711403   -100 -100.00 -100.00 -100.00
 113    -0.489 55769.77885904 30.56  36.227453 -18.715086 29.849 -100.00 -100.00 -100.00
 113    -0.377 55769.77885964 31.32  36.228470 -18.712615   -100 -100.00 -100.00 -100.00
 114     0.695 55779.69449581 44.68  36.228152 -18.714267 30.587 -100.00 -100.00 -100.00
 114     1.519 55779.69449640 33.88  36.229169 -18.711797   -100 -100.00 -100.00 -100.00
 115     2.428 55789.61012977 36.51  36.228433 -18.715852   -100 -100.00 -100.00 -100.00
 115     1.928 55789.61013036 34.13  36.229450 -18.713382   -100 -100.00 -100.00 -100.00
 116     1.808 55799.52576237 33.69  36.229179 -18.720067   -100 -100.00 -100.00 -100.00
 116     1.976 55799.52576297 29.42  36.230196 -18.717597 28.637 -100.00 -100.00 -100.00
 116     1.600 55799.52576356 31.65  36.231214 -18.715126   -100 -100.00 -100.00 -100.00
 117     2.249 55809.44141022 37.69  36.229380 -18.717784  0.732 -100.00 -100.00 -100.00
 117     2.321 55809.44141081 29.74  36.230397 -18.715314 27.077 -100.00 -100.00 -100.00
 118     2.333 55819.35705967 31.04  36.229285 -18.717355 20.346 -100.00 -100.00 -100.00
 118     1.952 55819.35706026 33.77  36.230302 -18.714885   -100 -100.00 -100.00 -100.00
 119    -0.355 55829.27270455 31.27  36.229523 -18.717740   -100 -100.00 -100.00 -100.00
 119    -0.301 55829.27270514 31.93  36.230540 -18.715270   -100 -100.00 -100.00 -100.00
 120     1.938 55839.18834452 40.20  36.228627 -18.719190 17.236 -100.00 -100.00 -100.00
 120     1.048 55839.18834511 42.15  36.229644 -18.716720 29.336 -100.00 -100.00 -100.00
 120     0.504 55839.18834570 37.65  36.230662 -18.714250   -100 -100.00 -100.00 -100.00
 121     1.849 55849.10398226 44.11  36.229075 -18.716203   -100 -100.00 -100.00 -100.00
 121     1.567 55849.10398285 55.64  36.230093 -18.713733 21.896 -100.00 -100.00 -100.00
 122     1.990 55859.01961657 33.93  36.229291 -18.718772   -100 -100.00 -100.00 -100.00
 122     1.790 55859.01961716 36.32  36.230308 -18.716302   -100 -100.00 -100.00 -100.00
 123     2.149 55868.93526491 33.16  36.228592 -18.718461 20.725 -100.00 -100.00 -100.00
 123     0.927 55868.93526550 32.86  36.229609 -18.715991 22.947 -100.00 -100.00 -100.00
 133     2.192 55968.09171272 32.01  36.224992 -18.708911 22.703 -100.00 -100.00 -100.00
 133     1.560 55968.09171331 34.14  36.226009 -18.706441   -100 -100.00 -100.00 -100.00
 133     1.188 55968.09171390 40.18  36.227026 -18.703970   -100 -100.00 -100.00 -100.00
 134     1.334 55978.00734864 45.74  36.225901 -18.711509  2.003 -100.00 -100.00 -100.00
 134     1.162 55978.00734923 46.85  36.226918 -18.709039 18.190 -100.00 -100.00 -100.00
 135     2.248 55987.92298363 39.26  36.228168 -18.715653   -100 -100.00 -100.00 -100.00
 135     1.988 55987.92298422 32.74  36.229186 -18.713183 26.182 -100.00 -100.00 -100.00
 136     1.429 55997.83862258 48.83  36.229717 -18.719110 18.719 -100.00 -100.00 -100.00
 136     1.799 55997.83862317 49.58  36.230734 -18.716640   -100 -100.00 -100.00 -100.00
 137     2.428 56007.75427351 42.12  36.228003 -18.718037  2.043 -100.00 -100.00 -100.00
 137     2.382 56007.75427410 31.58  36.229021 -18.715566 19.508 -100.00 -100.00 -100.00
 137     2.003 56007.75427469 33.42  36.230038 -18.713096 29.228 -100.00 -100.00 -100.00
 138     2.245 56017.66992132 31.28  36.227247 -18.712965 28.127 -100.00 -100.00 -100.00
 138     0.359 56017.66992191 39.16  36.228265 -18.710495 14.159 -100.00 -100.00 -100.00
 139     2.197 56027.58556606 31.63  36.225833 -18.709304 21.727 -100.00 -100.00 -100.00
 139     1.797 56027.58556665 33.10  36.226850 -18.706833 28.839 -100.00 -100.00 -100.00
 141     2.092 56047.41684883 29.80  36.225787 -18.712440 22.931 -100.00 -100.00 -100.00
 141     1.433 56047.41684942 31.39  36.226804 -18.709969   -100 -100.00 -100.00 -100.00
 142     1.924 56057.33248593 44.33  36.227641 -18.716876 29.996 -100.00 -100.00 -100.00
 142     1.192 56057.33248652 45.72  36.228658 -18.714405  1.634 -100.00 -100.00 -100.00
 143     0.796 56067.24811881 45.85  36.230676 -18.720743   -100 -100.00 -100.00 -100.00
 143     0.878 56067.24811940 48.70  36.231693 -18.718273   -100 -100.00 -100.00 -100.00
 144    -0.340 56077.16376781 36.83  36.228583 -18.718823 30.070 -100.00 -100.00 -100.00
 144     0.660 56077.16376840 42.60  36.229600 -18.716352 19.863 -100.00 -100.00 -100.00
 144    -0.246 56077.16376899 52.81  36.230617 -18.713882 17.237 -100.00 -100.00 -100.00
 145     1.764 56087.07941715 36.94  36.227079 -18.713381   -100 -100.00 -100.00 -100.00
 145     0.001 56087.07941774 41.61  36.228096 -18.710911   -100 -100.00 -100.00 -100.00
 146     0.805 56096.99506293 39.19  36.225874 -18.712647   -100 -100.00 -100.00 -100.00
 146     1.147 56096.99506352 41.42  36.226891 -18.710176 28.095 -100.00 -100.00 -100.00
 148     1.596 56116.82633567 42.72  36.227729 -18.713964  7.892 -100.00 -100.00 -100.00
 148     1.799 56116.82633626 44.48  36.228747 -18.711494   -100 -100.00 -100.00 -100.00
 149     1.117 56126.74197242 34.82  36.228640 -18.716731   -100 -100.00 -100.00 -100.00
 149     1.239 56126.74197301 33.97  36.229657 -18.714261 31.718 -100.00 -100.00 -100.00
 150     1.989 56136.65760556 32.90  36.229128 -18.719271 17.393 -100.00 -100.00 -100.00
 150    -0.336 56136.65760615 40.60  36.230145 -18.716801   -100 -100.00 -100.00 -100.00
 150     0.012 56136.65760674 40.60  36.231162 -18.714330   -100 -100.00 -100.00 -100.00
 151     2.470 56146.57325023 34.81  36.228302 -18.716577   -100 -100.00 -100.00 -100.00
 151     2.010 56146.57325082 32.63  36.229319 -18.714107   -100 -100.00 -100.00 -100.00
 153     2.072 56166.40454953 30.91  36.227036 -18.712862   -100 -100.00 -100.00 -100.00
 153     1.512 56166.40455012 30.61  36.228053 -18.710392   -100 -100.00 -100.00 -100.00
 156     2.128 56196.15147468 32.79  36.227598 -18.715351   -100 -100.00 -100.00 -100.00
 156     0.501 56196.15147527 30.22  36.228615 -18.712881   -100 -100.00 -100.00 -100.00
 157     2.197 56206.06710893 31.99  36.228100 -18.716199   -100 -100.00 -100.00 -100.00
 157     0.229 56206.06710952 36.50  36.229117 -18.713729   -100 -100.00 -100.00 -100.00
 158     0.133 56215.98274147 40.58  36.230017 -18.717807   -100 -100.00 -100.00 -100.00
 158     0.606 56215.98274206 41.61  36.231034 -18.715337   -100 -100.00 -100.00 -100.00
 159     1.722 56225.89838034 41.60  36.230769 -18.721800 21.294 -100.00 -100.00 -100.00
 159     0.744 56225.89838093 48.06  36.231786 -18.719330   -100 -100.00 -100.00 -100.00
 159     0.795 56225.89838152 48.28  36.232803 -18.716860 30.281 -100.00 -100.00 -100.00
 160     1.822 56235.81403572 42.50  36.229877 -18.720064 27.355 -100.00 -100.00 -100.00
 160     1.289 56235.81403631 45.82  36.230894 -18.717594   -100 -100.00 -100.00 -100.00
 160     1.390 56235.81403690 50.12  36.231911 -18.715124   -100 -100.00 -100.00 -100.00
 161     2.361 56245.72968753 34.11  36.228916 -18.717560   -100 -100.00 -100.00 -100.00
 161     2.093 56245.72968812 33.74  36.229933 -18.715090 31.589 -100.00 -100.00 -100.00
 163     1.950 56265.56097781 27.98  36.227244 -18.712989 21.797 -100.00 -100.00 -100.00
 163     1.876 56265.56097840 28.86  36.228261 -18.710519 23.290 -100.00 -100.00 -100.00
 164     2.048 56275.47661896 28.90  36.226550 -18.713909 19.655 -100.00 -100.00 -100.00
 164     2.141 56275.47661955 30.06  36.227567 -18.711439 24.266 -100.00 -100.00 -100.00
 165     0.668 56285.39226571 34.64  36.226470 -18.712786   -100 -100.00 -100.00 -100.00
 165     0.773 56285.39226630 36.63  36.227487 -18.710316   -100 -100.00 -100.00 -100.00
 166     1.904 56295.30791725 36.56  36.225845 -18.710666   -100 -100.00 -100.00 -100.00
 166     1.649 56295.30791784 40.80  36.226862 -18.708196 11.166 -100.00 -100.00 -100.00
 167     2.286 56305.22356417 39.88  36.224433 -18.709809   -100 -100.00 -100.00 -100.00
 167     2.289 56305.22356476 40.73  36.225450 -18.707338   -100 -100.00 -100.00 -100.00
 167     2.250 56305.22356535 43.94  36.226467 -18.704868 20.738 -100.00 -100.00 -100.00
 168     1.408 56315.13920791 43.91  36.224520 -18.706225   -100 -100.00 -100.00 -100.00
 168     1.257 56315.13920850 48.89  36.225537 -18.703755 14.783 -100.00 -100.00 -100.00
 168     1.186 56315.13920909 47.20  36.226554 -18.701284 32.328 -100.00 -100.00 -100.00
 169     0.163 56325.05484842 43.38  36.224042 -18.707359   -100 -100.00 -100.00 -100.00
 169     0.504 56325.05484901 46.58  36.225060 -18.704889   -100 -100.00 -100.00 -100.00
 169     0.118 56325.05484960 52.11  36.226077 -18.702419   -100 -100.00 -100.00 -100.00
 170     0.285 56334.97048758 46.78  36.224773 -18.710599   -100 -100.00 -100.00 -100.00
 170     0.216 56334.97048817 45.87  36.225790 -18.708129   -100 -100.00 -100.00 -100.00
 170    -0.104 56334.97048876 51.93  36.226807 -18.705659  8.744 -100.00 -100.00 -100.00
 172     2.379 56354.80176186 37.91  36.228476 -18.717023   -100 -100.00 -100.00 -100.00
 172     2.041 56354.80176245 33.16  36.229494 -18.714553 31.831 -100.00 -100.00 -100.00
 173     2.673 56364.71740672 45.31  36.227608 -18.716227 11.608 -100.00 -100.00 -100.00
 173     2.774 56364.71740731 41.83  36.228625 -18.713757   -100 -100.00 -100.00 -100.00
 174     1.131 56374.63305638 30.09  36.226093 -18.711754 27.978 -100.00 -100.00 -100.00
 174     1.309 56374.63305697 29.04  36.227110 -18.709283 24.889 -100.00 -100.00 -100.00
 176     2.178 56394.46434705 32.67  36.224438 -18.709189 32.651 -100.00 -100.00 -100.00
 176     2.177 56394.46434764 28.38  36.225455 -18.706718 15.910 -100.00 -100.00 -100.00
 176     2.098 56394.46434823 29.32  36.226472 -18.704247 20.868 -100.00 -100.00 -100.00
 177     0.537 56404.37998917 40.78  36.225911 -18.709941   -100 -100.00 -100.00 -100.00
 177     0.195 56404.37998976 46.14  36.226928 -18.707470 18.852 -100.00 -100.00 -100.00
 178     2.452 56414.29562746 33.97  36.226984 -18.714164   -100 -100.00 -100.00 -100.00
 178     2.046 56414.29562805 31.23  36.228001 -18.711693 26.899 -100.00 -100.00 -100.00
 179     3.183 56424.21126065 41.83  36.228981 -18.718756 19.389 -100.00 -100.00 -100.00
 179     2.689 56424.21126124 45.85  36.229998 -18.716286 29.049 -100.00 -100.00 -100.00
 180     0.964 56434.12690660 44.72  36.228985 -18.715739  3.728 -100.00 -100.00 -100.00
 180     1.069 56434.12690719 49.90  36.230003 -18.713268  0.362 -100.00 -100.00 -100.00
 182     1.916 56453.95820823 34.82  36.225304 -18.708835   -100 -100.00 -100.00 -100.00
 182     1.955 56453.95820882 30.32  36.226321 -18.706365 20.354 -100.00 -100.00 -100.00
 183    -0.130 56463.87385462 38.81  36.225188 -18.708006 31.552 -100.00 -100.00 -100.00
 183     0.604 56463.87385521 45.97  36.226205 -18.705535   -100 -100.00 -100.00 -100.00
 184     2.662 56473.78949691 40.74  36.224730 -18.710451 17.030 -100.00 -100.00 -100.00
 184     1.737 56473.78949750 40.76  36.225747 -18.707980 27.826 -100.00 -100.00 -100.00
 184     1.444 56473.78949809 48.21  36.226764 -18.705510 27.218 -100.00 -100.00 -100.00
 185     2.302 56483.70513641 41.97  36.225481 -18.711296 13.750 -100.00 -100.00 -100.00
 185     2.345 56483.70513700 35.05  36.226498 -18.708826   -100 -100.00 -100.00 -100.00
 187     2.445 56503.53640673 36.51  36.227398 -18.716381   -100 -100.00 -100.00 -100.00
 187     2.070 56503.53640732 31.87  36.228415 -18.713911   -100 -100.00 -100.00 -100.00
 188    -0.649 56513.45203944 37.70  36.230761 -18.720141   -100 -100.00 -100.00 -100.00
 188    -0.513 56513.45204003 36.85  36.231778 -18.717671   -100 -100.00 -100.00 -100.00
 189    -0.467 56523.36768926 27.82  36.230032 -18.720590 29.525 -100.00 -100.00 -100.00
 189    -0.475 56523.36768985 29.13  36.231049 -18.718120   -100 -100.00 -100.00 -100.00
 189    -0.492 56523.36769044 30.82  36.232066 -18.715649   -100 -100.00 -100.00 -100.00
 190     2.277 56533.28334205 35.66  36.228713 -18.717328   -100 -100.00 -100.00 -100.00
 190     2.265 56533.28334264 29.71  36.229730 -18.714858 25.656 -100.00 -100.00 -100.00
 192     2.428 56553.11463602 39.85  36.225933 -18.711367 24.942 -100.00 -100.00 -100.00
 192     2.467 56553.11463661 43.78  36.226950 -18.708897   -100 -100.00 -100.00 -100.00
 193     1.231 56563.03027851 39.90  36.225725 -18.711223 20.542 -100.00 -100.00 -100.00
 193     0.580 56563.03027910 40.38  36.226742 -18.708753   -100 -100.00 -100.00 -100.00
 195     0.536 56582.86155790 42.82  36.228046 -18.716832 23.141 -100.00 -100.00 -100.00
 195     0.041 56582.86155849 46.13  36.229063 -18.714362   -100 -100.00 -100.00 -100.00
 196     0.745 56592.77719202 36.61  36.230613 -18.721026   -100 -100.00 -100.00 -100.00
 196     0.852 56592.77719261 38.30  36.231630 -18.718556   -100 -100.00 -100.00 -100.00
 196     0.987 56592.77719320 31.27  36.232647 -18.716086 20.194 -100.00 -100.00 -100.00
 197     2.335 56602.69284430 35.72  36.229237 -18.716787   -100 -100.00 -100.00 -100.00
 197     2.388 56602.69284489 36.65  36.230254 -18.714317   -100 -100.00 -100.00 -100.00
 198     2.080 56612.60849434 34.66  36.227050 -18.713716   -100 -100.00 -100.00 -100.00
 198     2.166 56612.60849493 37.72  36.228067 -18.711246   -100 -100.00 -100.00 -100.00
 200     2.380 56632.43978263 31.67  36.226142 -18.713354 25.291 -100.00 -100.00 -100.00
 200     2.099 56632.43978322 34.24  36.227159 -18.710883   -100 -100.00 -100.00 -100.00
 201    -0.417 56642.35542099 37.28  36.228161 -18.714183   -100 -100.00 -100.00 -100.00
 201    -0.439 56642.35542158 39.66  36.229178 -18.711712   -100 -100.00 -100.00 -100.00
 202     0.879 56652.27107139 27.04  36.226471 -18.713431 28.955 -100.00 -100.00 -100.00
 202     0.689 56652.27107198 32.64  36.227489 -18.710960   -100 -100.00 -100.00 -100.00
 203     2.107 56662.18672249 37.40  36.225602 -18.708109   -100 -100.00 -100.00 -100.00
 203     2.161 56662.18672308 35.48  36.226619 -18.705638   -100 -100.00 -100.00 -100.00
 204     2.418 56672.10236947 38.41  36.224040 -18.706834   -100 -100.00 -100.00 -100.00
 204     2.122 56672.10237006 35.64  36.225057 -18.704364   -100 -100.00 -100.00 -100.00
 204     2.141 56672.10237065 38.41  36.226074 -18.701894   -100 -100.00 -100.00 -100.00
 205     0.105 56682.01801484 43.12  36.224819 -18.704905 28.859 -100.00 -100.00 -100.00
 205     0.266 56682.01801543 46.31  36.225836 -18.702435 28.748 -100.00 -100.00 -100.00
 206     0.563 56691.93365645 46.16  36.224677 -18.710423  4.211 -100.00 -100.00 -100.00
 206     0.850 56691.93365704 46.31  36.225694 -18.707953   -100 -100.00 -100.00 -100.00
 206     0.932 56691.93365763 48.26  36.226711 -18.705482   -100 -100.00 -100.00 -100.00
 207     0.144 56701.84929471 48.21  36.226734 -18.714170 10.873 -100.00 -100.00 -100.00
 207     0.172 56701.84929530 48.17  36.227752 -18.711699  9.441 -100.00 -100.00 -100.00
 208     2.290 56711.76492849 34.13  36.229143 -18.715980   -100 -100.00 -100.00 -100.00
 208     2.017 56711.76492908 30.50  36.230161 -18.713509 21.920 -100.00 -100.00 -100.00
 209   -54.717 56721.68057382  8.90  36.226989 -18.714705  2.285 -100.00 -100.00 -100.00
 209   -57.465 56721.68057441  8.84  36.228006 -18.712235  2.382 -100.00 -100.00 -100.00
 210     2.446 56731.59622654 35.20  36.224784 -18.708665   -100 -100.00 -100.00 -100.00
 210     2.232 56731.59622713 36.67  36.225801 -18.706195   -100 -100.00 -100.00 -100.00
 210     2.184 56731.59622772 37.71  36.226819 -18.703724   -100 -100.00 -100.00 -100.00
 211     0.851 56741.51187492 31.00  36.223853 -18.707118   -100 -100.00 -100.00 -100.00
 211     0.858 56741.51187551 30.81  36.224870 -18.704647 32.671 -100.00 -100.00 -100.00
 211     0.915 56741.51187610 31.46  36.225887 -18.702177   -100 -100.00 -100.00 -100.00
 212     0.402 56751.42751850 42.01  36.224684 -18.708953   -100 -100.00 -100.00 -100.00
 212     1.038 56751.42751909 43.85  36.225701 -18.706482 23.266 -100.00 -100.00 -100.00
 212     0.506 56751.42751968 47.27  36.226718 -18.704012   -100 -100.00 -100.00 -100.00
 214     2.185 56771.25878748 33.93  36.229325 -18.718215   -100 -100.00 -100.00 -100.00
 214    -0.149 56771.25878807 36.85  36.230342 -18.715744   -100 -100.00 -100.00 -100.00
 216     2.496 56791.09009816 40.02  36.224035 -18.707260   -100 -100.00 -100.00 -100.00
 216     2.161 56791.09009875 37.70  36.225053 -18.704790   -100 -100.00 -100.00 -100.00
 216     2.101 56791.09009934 37.72  36.226070 -18.702319   -100 -100.00 -100.00 -100.00
 218     0.128 56810.92139444 50.46  36.224126 -18.701027   -100 -100.00 -100.00 -100.00
 218     0.426 56810.92139503 52.37  36.225143 -18.698556   -100 -100.00 -100.00 -100.00
 219     0.398 56820.83703288 43.98  36.224531 -18.705894   -100 -100.00 -100.00 -100.00
 219     0.042 56820.83703347 49.21  36.225548 -18.703423 11.092 -100.00 -100.00 -100.00
 219     0.000 56820.83703406 52.46  36.226565 -18.700953   -100 -100.00 -100.00 -100.00
 220   -59.620 56830.75266734  5.67  36.225362 -18.710971  3.437 -100.00 -100.00 -100.00
 220   -62.314 56830.75266793  3.23  36.226379 -18.708500  2.729 -100.00 -100.00 -100.00
 221     2.898 56840.66829900 39.87  36.226889 -18.714989 15.581 -100.00 -100.00 -100.00
 221     1.764 56840.66829959 42.68  36.227906 -18.712519   -100 -100.00 -100.00 -100.00
 222     2.012 56850.58393452 36.23  36.228413 -18.716196   -100 -100.00 -100.00 -100.00
 222     1.968 56850.58393511 37.50  36.229430 -18.713726   -100 -100.00 -100.00 -100.00
 225     1.050 56880.33089523 42.96  36.225781 -18.710183 23.550 -100.00 -100.00 -100.00
 225     0.931 56880.33089582 47.11  36.226798 -18.707713 31.943 -100.00 -100.00 -100.00
 226    -0.235 56890.24654316 35.15  36.225222 -18.707925   -100 -100.00 -100.00 -100.00
 226    -0.029 56890.24654375 35.60  36.226239 -18.705455   -100 -100.00 -100.00 -100.00
 228     2.328 56910.07783117 47.14  36.224022 -18.700452   -100 -100.00 -100.00 -100.00
 228     2.016 56910.07783176 53.43  36.225039 -18.697982   -100 -100.00 -100.00 -100.00
 229     1.211 56919.99347131 35.32  36.224913 -18.701926   -100 -100.00 -100.00 -100.00
 229     1.642 56919.99347190 40.09  36.225930 -18.699456   -100 -100.00 -100.00 -100.00
 230     0.208 56929.90910794 41.08  36.225878 -18.710447  1.382 -100.00 -100.00 -100.00
 230     0.454 56929.90910853 41.18  36.226895 -18.707977   -100 -100.00 -100.00 -100.00
 231     2.394 56939.82474040 37.36  36.228574 -18.717452   -100 -100.00 -100.00 -100.00
 231     2.459 56939.82474099 31.18  36.229591 -18.714981 18.930 -100.00 -100.00 -100.00
 232     0.049 56949.74037723 35.43  36.230476 -18.719745   -100 -100.00 -100.00 -100.00
 232     0.087 56949.74037782 36.31  36.231493 -18.717274   -100 -100.00 -100.00 -100.00
 233     2.255 56959.65603022 30.41  36.227512 -18.715700 26.490 -100.00 -100.00 -100.00
 233     2.050 56959.65603081 30.84  36.228529 -18.713230 30.247 -100.00 -100.00 -100.00
 234     2.376 56969.57167843 32.74  36.225556 -18.711795 30.403 -100.00 -100.00 -100.00
 234     2.082 56969.57167902 32.43  36.226573 -18.709325 27.267 -100.00 -100.00 -100.00
 235     1.943 56979.48732284 31.54  36.226105 -18.709638   -100 -100.00 -100.00 -100.00
 235     1.777 56979.48732343 33.19  36.227122 -18.707168   -100 -100.00 -100.00 -100.00
 236     2.360 56989.40296144 34.14  36.226569 -18.714525   -100 -100.00 -100.00 -100.00
 236     1.935 56989.40296203 32.75  36.227586 -18.712055   -100 -100.00 -100.00 -100.00
 237     0.728 56999.31859381 40.34  36.229191 -18.719854   -100 -100.00 -100.00 -100.00
 237     0.677 56999.31859440 44.08  36.230209 -18.717384   -100 -100.00 -100.00 -100.00
 237     1.740 56999.31859499 43.71  36.231226 -18.714914   -100 -100.00 -100.00 -100.00
 238     0.417 57009.23424750 39.21  36.228186 -18.715230 27.327 -100.00 -100.00 -100.00
 238     0.173 57009.23424809 45.02  36.229203 -18.712760   -100 -100.00 -100.00 -100.00
 239     0.133 57019.14990112 35.08  36.226008 -18.710766   -100 -100.00 -100.00 -100.00
 239     0.654 57019.14990171 37.21  36.227026 -18.708296   -100 -100.00 -100.00 -100.00
 240     1.142 57029.06555117 37.19  36.224645 -18.707583   -100 -100.00 -100.00 -100.00
 240     1.733 57029.06555176 33.52  36.225663 -18.705113 31.844 -100.00 -100.00 -100.00
 240     1.843 57029.06555235 33.34  36.226680 -18.702643 26.548 -100.00 -100.00 -100.00
 241     2.694 57038.98119908 43.19  36.224743 -18.706134 20.683 -100.00 -100.00 -100.00
 241     1.978 57038.98119967 49.43  36.225760 -18.703663   -100 -100.00 -100.00 -100.00
 242     2.164 57048.89684377 44.17  36.225188 -18.708834 22.334 -100.00 -100.00 -100.00
 242     1.709 57048.89684436 47.98  36.226205 -18.706364   -100 -100.00 -100.00 -100.00
 244     2.434 57068.72811960 31.35  36.227693 -18.715969 21.991 -100.00 -100.00 -100.00
 244     1.701 57068.72812019 32.54  36.228710 -18.713498 29.390 -100.00 -100.00 -100.00
 245     2.441 57078.64375108 35.14  36.228779 -18.717523   -100 -100.00 -100.00 -100.00
 245     2.233 57078.64375167 30.74  36.229796 -18.715052 20.263 -100.00 -100.00 -100.00
 246     2.228 57088.55938688 37.65  36.229605 -18.717537   -100 -100.00 -100.00 -100.00
 246     2.158 57088.55938747 32.65  36.230622 -18.715066 24.351 -100.00 -100.00 -100.00
 248     2.058 57108.39070237 30.03  36.225864 -18.711070 20.388 -100.00 -100.00 -100.00
 248     0.673 57108.39070296 34.92  36.226881 -18.708599   -100 -100.00 -100.00 -100.00
 250     0.178 57128.22199673 41.24  36.225735 -18.712354  6.731 -100.00 -100.00 -100.00
 250     0.717 57128.22199732 40.08  36.226752 -18.709883 32.077 -100.00 -100.00 -100.00
