#    2.002  -0.269   1.114 ;Mean Elev.(m), Avg Gradient(m/km), RMS Gradient(m/km) - SRTM1     
#   12.948   0.304   1.189 ;Mean Elev.(m), Avg Gradient(m/km), RMS Gradient(m/km) - ASTER GDEM
#    2.467  -0.276   1.092 ;Mean Elev.(m), Avg Gradient(m/km), RMS Gradient(m/km) - GMTED2010 
   1  36.229146 -18.717205     1.649     1.649  2 54659.22685286 32.101
   2  36.228243 -18.713375     1.958     1.958  2 54669.14249947 44.510
   4  36.228883 -18.714441     0.656     0.656  2 54688.97378547 28.724
   5  36.231014 -18.718310   -48.817   -48.025  3 54698.88942530 26.301
   6  36.231865 -18.719583     0.378     0.378  2 54708.80506832 39.696
   7  36.229498 -18.716436   -40.795   -40.656  3 54718.72072009  7.747
   8  36.226791 -18.711725     2.240     2.240  2 54728.63636983 32.087
   9  36.225764 -18.705070     1.792     1.691  3 54738.55201896 36.462
  12  36.225552 -18.703312     1.982     1.951  3 54768.29896021 33.452
  13  36.225734 -18.705441    -0.069    -0.043  3 54778.21460175 33.565
  14  36.225578 -18.707187     1.679     1.543  3 54788.13024071 46.436
  15  36.226005 -18.707914     1.913     1.913  2 54798.04587862 43.972
  17  36.229298 -18.716168     1.840     1.840  2 54817.87715232 35.336
  18  36.229299 -18.714602     1.808     1.808  2 54827.79280303 36.597
  20  36.225563 -18.705279     1.896     1.796  3 54847.62409334 30.666
  23  36.224909 -18.699803     1.389     1.389  2 54877.37104185 34.948
  26  36.223366 -18.698336     0.605     0.605  2 54907.11796846 45.955
  27  36.223700 -18.698083     1.233     1.233  2 54917.03360596 37.148
  29  36.226267 -18.707359     1.118     1.118  2 54936.86487812 47.166
  30  36.227627 -18.714438     1.136     1.136  2 54946.78051159 46.796
  31  36.230063 -18.717542     1.380     1.681  3 54956.69614416 37.862
  32  36.228498 -18.714643     1.028     1.028  2 54966.61179303 38.595
  33  36.227347 -18.711565     0.725     0.725  2 54976.52744124 41.473
  34  36.226821 -18.710138   -65.402   -65.402  2 54986.44308924  3.263
  37  36.226779 -18.709659     0.571     0.571  2 55016.19002704 43.505
  38  36.226253 -18.708388    -0.060    -0.060  2 55026.10566938 34.661
  39  36.226153 -18.708214     0.059     0.158  3 55036.02131087 44.733
  40  36.226710 -18.711835     0.398     0.398  2 55045.93695084 33.534
  41  36.229416 -18.714404     1.097     1.097  2 55055.85258942 36.259
  42  36.230602 -18.717966     2.005     1.893  3 55065.76822550 49.737
  43  36.228404 -18.715113     0.839     0.839  2 55075.68387448 36.527
  44  36.226613 -18.708224     1.973     1.973  2 55085.59952370 27.644
  45  36.225036 -18.704779     1.939     1.863  3 55095.51517094 33.340
  46  36.225059 -18.703318     0.340     0.340  2 55105.43081778 32.946
  47  36.225064 -18.704597     1.887     1.925  3 55115.34646381 29.535
  48  36.225698 -18.704844     1.824     1.796  3 55125.26210768 48.040
  49  36.225928 -18.705490     1.486     1.627  3 55135.17774865 37.369
  50  36.225941 -18.706530    -0.119    -0.119  2 55145.09338716 39.390
  51  36.226281 -18.708372     0.157     0.157  2 55155.00902460 45.039
  52  36.226840 -18.711886     1.405     1.405  2 55164.92466196 38.694
  53  36.228450 -18.715449     1.494     1.494  2 55174.84029918 30.603
  54  36.230447 -18.716253     2.150     2.150  2 55184.75593922 36.133
  55  36.228520 -18.713293     0.470     0.470  2 55194.67159102 31.348
  56  36.226333 -18.708865     2.116     2.116  2 55204.58724200 30.468
  57  36.225253 -18.705361     1.793     1.735  3 55214.50289239 33.061
  58  36.225283 -18.702571    -0.042    -0.019  3 55224.41854223 32.761
  59  36.224812 -18.702610     1.298     1.298  2 55234.33418966 33.061
  63  36.224897 -18.699494     0.340     0.340  2 55273.99675088 50.957
  64  36.225133 -18.706913     0.081    -0.016  3 55283.91238619 42.943
  65  36.227398 -18.711506     2.034     2.034  2 55293.82802079 29.744
  66  36.228453 -18.714716     2.222     2.222  2 55303.74365698 36.832
  68  36.226788 -18.708890     1.677     1.677  2 55323.57495054 30.234
  69  36.226540 -18.708543     2.090     2.090  2 55333.49059484 30.550
  70  36.226768 -18.708495     0.712     0.712  2 55343.40623895 47.087
  71  36.226697 -18.709896     1.547     1.547  2 55353.32188229 34.006
  74  36.228132 -18.713703     0.456     0.456  2 55383.06880002 41.388
  75  36.229264 -18.715905     0.388     0.388  2 55392.98443657 49.202
  76  36.231284 -18.719222    -0.530    -0.530  2 55402.90007139 45.807
  77  36.230207 -18.716282     0.894     0.894  2 55412.81572334 34.980
  78  36.228436 -18.713372     2.698     2.698  2 55422.73137260 50.212
  79  36.226710 -18.710389     2.160     2.160  2 55432.64701944 37.967
  80  36.225952 -18.706008     1.222     1.637  3 55442.56266509 30.472
  81  36.225146 -18.706163     2.058     2.001  3 55452.47830859 33.910
  82  36.226129 -18.707068     2.053     2.114  3 55462.39395135 33.554
  83  36.226649 -18.710655     1.934     1.934  2 55472.30959174 31.906
  84  36.227476 -18.712181     2.239     2.239  2 55482.22522963 37.045
  85  36.227575 -18.713902     2.393     2.393  2 55492.14086502 37.756
  86  36.228809 -18.715730     1.227     1.227  2 55502.05649856 46.943
  87  36.228773 -18.715007    -0.273    -0.270  3 55511.97214358 33.691
  88  36.228550 -18.713040    -0.123    -0.123  2 55521.88779344 44.539
  89  36.227170 -18.713513    -0.009    -0.009  2 55531.80344143 31.533
  90  36.226642 -18.710913     2.298     2.298  2 55541.71908870 40.082
  91  36.225906 -18.709155     2.385     2.385  2 55551.63473391 38.764
  92  36.225779 -18.706858     1.178     1.064  3 55561.55037808 34.550
  93  36.226045 -18.708123    -0.019    -0.019  2 55571.46602092 40.751
  95  36.227158 -18.712193     2.218     2.218  2 55591.29730083 37.243
  96  36.227948 -18.713499     2.189     2.189  2 55601.21293591 39.447
  97  36.228371 -18.715632     3.016     3.016  2 55611.12856832 47.278
  98  36.230155 -18.717059     1.931     1.865  3 55621.04420000 48.880
  99  36.228695 -18.713963     0.003     0.003  2 55630.95985287 49.295
 100  36.228224 -18.713182     0.635     0.635  2 55640.87550331 49.407
 103  36.226453 -18.708160     2.311     2.311  2 55670.62243710 40.545
 104  36.225903 -18.709940     1.973     1.973  2 55680.53807617 31.795
 105  36.227721 -18.712959     2.250     2.250  2 55690.45371347 35.261
 106  36.229821 -18.717356     0.356     0.356  2 55700.36934882 48.079
 107  36.231170 -18.718355    -0.025    -0.025  2 55710.28498844 48.589
 108  36.228967 -18.715675     1.012     1.012  2 55720.20063872 31.514
 112  36.227464 -18.712638     1.050     1.050  2 55759.86321990 45.495
 113  36.227961 -18.713850    -0.433    -0.433  2 55769.77885934 30.957
 114  36.228661 -18.713032     1.107     1.107  2 55779.69449610 42.017
 115  36.228941 -18.714617     2.178     2.178  2 55789.61013006 35.481
 116  36.230196 -18.717597     1.795     1.808  3 55799.52576297 31.928
 117  36.229889 -18.716549     2.285     2.285  2 55809.44141051 35.325
 118  36.229793 -18.716120     2.143     2.143  2 55819.35705997 32.616
 119  36.230031 -18.716505    -0.328    -0.328  2 55829.27270484 31.613
 120  36.229644 -18.716720     1.164     1.048  3 55839.18834511 40.374
 121  36.229584 -18.714968     1.708     1.708  2 55849.10398255 52.925
 122  36.229799 -18.717537     1.890     1.890  2 55859.01961687 35.287
 123  36.229101 -18.717226     1.538     1.538  2 55868.93526520 33.013
 133  36.226009 -18.706441     1.646     1.560  3 55968.09171331 36.874
 134  36.226410 -18.710274     1.248     1.248  2 55978.00734893 46.330
 135  36.228677 -18.714418     2.118     2.118  2 55987.92298393 37.123
 136  36.230226 -18.717875     1.614     1.614  2 55997.83862287 49.221
 137  36.229021 -18.715566     2.271     2.382  3 56007.75427410 38.224
 138  36.227756 -18.711730     1.302     1.302  2 56017.66992161 36.805
 139  36.226342 -18.708068     1.997     1.997  2 56027.58556636 32.427
 141  36.226295 -18.711205     1.762     1.762  2 56047.41684913 30.667
 142  36.228150 -18.715640     1.558     1.558  2 56057.33248622 45.080
 143  36.231184 -18.719508     0.837     0.837  2 56067.24811910 47.505
 144  36.229600 -18.716352     0.025    -0.246  3 56077.16376840 48.533
 145  36.227587 -18.712146     0.883     0.883  2 56087.07941744 39.875
 146  36.226382 -18.711412     0.976     0.976  2 56096.99506322 40.447
 148  36.228238 -18.712729     1.697     1.697  2 56116.82633597 43.689
 149  36.229148 -18.715496     1.178     1.178  2 56126.74197271 34.416
 150  36.230145 -18.716801     0.555     0.012  3 56136.65760615 39.193
 151  36.228810 -18.715342     2.240     2.240  2 56146.57325052 33.855
 153  36.227544 -18.711627     1.792     1.792  2 56166.40454983 30.763
 156  36.228106 -18.714116     1.315     1.315  2 56196.15147498 31.692
 157  36.228608 -18.714964     1.213     1.213  2 56206.06710923 34.806
 158  36.230525 -18.716572     0.369     0.369  2 56215.98274176 41.125
 159  36.231786 -18.719330     1.087     0.795  3 56225.89838093 46.864
 160  36.230894 -18.717594     1.500     1.390  3 56235.81403631 47.237
 161  36.229424 -18.716325     2.227     2.227  2 56245.72968783 33.929
 163  36.227752 -18.711754     1.913     1.913  2 56265.56097811 28.442
 164  36.227058 -18.712674     2.095     2.095  2 56275.47661926 29.519
 165  36.226979 -18.711551     0.720     0.720  2 56285.39226601 35.748
 166  36.226354 -18.709431     1.776     1.776  2 56295.30791755 39.178
 167  36.225450 -18.707338     2.275     2.286  3 56305.22356476 41.888
 168  36.225537 -18.703755     1.284     1.257  3 56315.13920850 47.119
 169  36.225060 -18.704889     0.262     0.163  3 56325.05484901 48.843
 170  36.225790 -18.708129     0.133     0.216  3 56334.97048817 49.071
 172  36.228985 -18.715788     2.210     2.210  2 56354.80176215 36.154
 173  36.228116 -18.714992     2.724     2.724  2 56364.71740701 43.910
 174  36.226602 -18.710518     1.220     1.220  2 56374.63305667 29.597
 176  36.225455 -18.706718     2.151     2.177  3 56394.46434764 30.535
 177  36.226419 -18.708706     0.366     0.366  2 56404.37998946 44.239
 178  36.227492 -18.712929     2.249     2.249  2 56414.29562776 32.813
 179  36.229489 -18.717521     2.936     2.936  2 56424.21126094 44.289
 180  36.229494 -18.714503     1.016     1.016  2 56434.12690689 48.040
 182  36.225813 -18.707600     1.936     1.936  2 56453.95820853 33.128
 183  36.225696 -18.706770     0.237     0.237  2 56463.87385492 43.724
 184  36.225747 -18.707980     1.948     1.737  3 56473.78949750 44.771
 185  36.225989 -18.710061     2.323     2.323  2 56483.70513670 39.763
 187  36.227907 -18.715146     2.257     2.257  2 56503.53640702 34.782
 188  36.231269 -18.718906    -0.581    -0.581  2 56513.45203974 37.296
 189  36.231049 -18.718120    -0.478    -0.475  3 56523.36768985 29.431
 190  36.229221 -18.716093     2.271     2.271  2 56533.28334234 33.633
 192  36.226441 -18.710132     2.448     2.448  2 56553.11463632 42.245
 193  36.226233 -18.709988     0.905     0.905  2 56563.03027881 40.147
 195  36.228555 -18.715597     0.288     0.288  2 56582.86155819 44.783
 196  36.231630 -18.718556     0.861     0.852  3 56592.77719261 36.261
 197  36.229745 -18.715552     2.361     2.361  2 56602.69284460 36.210
 198  36.227559 -18.712481     2.123     2.123  2 56612.60849464 36.454
 200  36.226650 -18.712118     2.240     2.240  2 56632.43978293 33.142
 201  36.228669 -18.712947    -0.428    -0.428  2 56642.35542129 38.631
 202  36.226980 -18.712195     0.784     0.784  2 56652.27107168 30.686
 203  36.226110 -18.706874     2.134     2.134  2 56662.18672279 36.545
 204  36.225057 -18.704364     2.227     2.141  3 56672.10237006 37.667
 205  36.225327 -18.703670     0.185     0.185  2 56682.01801513 45.002
 206  36.225694 -18.707953     0.781     0.850  3 56691.93365704 47.020
 207  36.227243 -18.712934     0.158     0.158  2 56701.84929501 48.190
 208  36.229652 -18.714744     2.154     2.154  2 56711.76492878 32.684
 209  36.227497 -18.713470   -56.091   -56.091  2 56721.68057411  8.870
 210  36.225801 -18.706195     2.287     2.232  3 56731.59622713 36.646
 211  36.224870 -18.704647     0.875     0.858  3 56741.51187551 31.099
 212  36.225701 -18.706482     0.649     0.506  3 56751.42751909 44.936
 214  36.229833 -18.716980     1.018     1.018  2 56771.25878777 35.631
 216  36.225053 -18.704790     2.253     2.161  3 56791.09009875 38.623
 218  36.224634 -18.699791     0.277     0.277  2 56810.92139473 51.519
 219  36.225548 -18.703423     0.146     0.042  3 56820.83703347 49.771
 220  36.225870 -18.709736   -60.967   -60.967  2 56830.75266764  4.619
 221  36.227397 -18.713754     2.331     2.331  2 56840.66829929 41.498
 222  36.228921 -18.714961     1.990     1.990  2 56850.58393482 36.911
 225  36.226289 -18.708948     0.990     0.990  2 56880.33089552 45.513
 226  36.225730 -18.706690    -0.132    -0.132  2 56890.24654345 35.381
 228  36.224531 -18.699217     2.172     2.172  2 56910.07783146 51.336
 229  36.225421 -18.700691     1.426     1.426  2 56919.99347160 38.329
 230  36.226387 -18.709212     0.331     0.331  2 56929.90910823 41.130
 231  36.229083 -18.716216     2.427     2.427  2 56939.82474070 35.287
 232  36.230984 -18.718509     0.068     0.068  2 56949.74037752 35.892
 233  36.228020 -18.714465     2.153     2.153  2 56959.65603051 30.630
 234  36.226064 -18.710560     2.229     2.229  2 56969.57167872 32.588
 235  36.226613 -18.708403     1.860     1.860  2 56979.48732313 32.443
 236  36.227077 -18.713290     2.147     2.147  2 56989.40296174 33.500
 237  36.230209 -18.717384     1.048     0.728  3 56999.31859440 43.003
 238  36.228695 -18.713995     0.295     0.295  2 57009.23424780 43.022
 239  36.226517 -18.709531     0.393     0.393  2 57019.14990142 36.274
 240  36.225663 -18.705113     1.572     1.733  3 57029.06555176 35.071
 241  36.225251 -18.704898     2.336     2.336  2 57038.98119938 47.346
 242  36.225696 -18.707599     1.936     1.936  2 57048.89684406 46.480
 244  36.228201 -18.714733     2.068     2.068  2 57068.72811990 31.986
 245  36.229287 -18.716287     2.337     2.337  2 57078.64375138 33.475
 246  36.230114 -18.716302     2.193     2.193  2 57088.55938718 35.833
 248  36.226372 -18.709834     1.366     1.366  2 57108.39070267 33.130
 250  36.226243 -18.711118     0.448     0.448  2 57128.22199702 40.699
